100 100
291 135.993
291 295.758
291 252.548
291 226.832
291 108.064
291 209.607
291 155.279
291 216.42
291 210.458
291 129.319
291 177.955
291 161.164
291 165.353
291 144.367
291 135.793
291 166.952
291 220.421
291 99.0944
291 195.878
291 253.099
291 159.088
291 156.556
291 151.646
291 181.624
291 128.226
291 289.144
291 114.377
291 166.229
291 160.976
291 209.505
291 246.778
291 138.161
291 211.704
291 231.942
291 113.672
291 218.155
291 237.796
291 171.261
291 111.978
291 172.476
291 185.921
291 222.005
291 205.557
291 194.306
291 101.485
291 153.816
291 244.79
291 246.185
291 178.023
291 201.777
291 173.126
291 231.197
291 161.33
291 153.696
291 141.079
291 138.913
291 140.618
291 146.713
291 157.07
291 300.0
291 122.191
291 130.306
291 143.078
291 146.102
291 50.0
291 235.426
291 207.12
291 211.661
291 189.344
291 219.523
291 161.03
291 125.06
291 161.634
291 99.1118
291 180.287
291 113.586
291 200.877
291 196.879
291 149.175
291 254.799
291 132.004
291 90.6533
291 250.23
291 199.808
291 151.286
291 209.658
291 218.619
291 187.734
291 116.201
291 85.1171
291 231.901
291 67.9198
291 250.461
291 137.249
291 100.968
291 253.081
291 235.906
291 141.88
291 154.995
291 123.644
4
36.8837 32.156 37.4039 11.641 35.8074 9.05898 17.5321 22.5214 29.2179 31.9561 35.103 16.5572 34.1085 22.9027 12.7638 29.4034 28.4008 32.5299 21.3296 29.0458 11.9904 10.2545 21.3528 23.0512 32.1219 12.3502 32.5851 12.2407 30.2193 35.0046 16.4576 37.9119 15.2964 11.4885 12.7033 33.7358 21.0723 8.56026 23.2465 33.4515 15.9173 25.2329 8.48552 13.485 38.7529 21.0264 17.093 33.6173 10.0332 8.83167 30.4583 34.8257 18.9303 23.5113 38.8977 37.4245 39.8506 9.36088 10.7577 18.629 23.4052 29.5573 31.5346 36.6685 34.9616 24.718 34.1381 24.5736 25.8994 19.6965 21.4218 28.7615 14.6966 21.7398 26.106 11.5457 22.9709 13.1313 21.2186 8.69436 15.6013 33.4457 34.1785 33.1627 38.0542 34.54 21.6461 20.1238 16.0399 31.4057 30.2673 20.4236 34.6248 24.0077 24.4339 25.5843 33.9221 37.2339 18.1876 31.4824
3
7.41928 18.6913 11.5035 13.4878 23.0801 11.9207 20.5657 15.8909 18.0994 14.7253 12.5684 19.0988 22.3991 27.9069 20.7006 8.33018 10.5941 17.4516 27.5525 9.65028 18.315 9.61817 26.4356 10.2077 14.7668 25.44 7.16995 15.8685 19.4883 26.1091 9.30918 24.7177 21.2843 22.7111 7.77119 12.8952 7.29703 29.7809 25.8432 11.2372 8.18681 28.1457 12.5302 21.1894 23.3906 12.5261 11.2151 28.4625 8.42645 13.3635 24.6003 18.8982 16.2134 12.3413 18.8979 27.0142 14.3753 13.0708 12.2392 13.6968 10.4967 6.40891 6.26985 23.5111 19.3013 7.87662 29.9023 22.0961 11.7192 14.648 18.1916 20.1136 15.8138 23.5773 23.3051 16.2207 17.5365 17.7334 12.5536 17.5341 11.2769 26.9105 26.454 18.054 28.1793 13.5835 11.7907 13.5182 24.1922 13.7773 18.6461 17.1532 19.8205 8.31771 16.3671 22.7931 25.5501 13.934 29.438 11.8327
4
27.0908 13.8897 39.4347 16.7027 36.3403 23.1902 30.066 11.1856 10.3376 39.0731 13.0088 21.2314 14.8478 34.4425 35.6353 24.595 17.2964 24.0407 31.3155 23.9984 12.2177 25.4253 30.429 11.8118 30.3616 8.38486 33.0982 30.2356 37.5844 16.9198 33.7667 35.1105 25.6463 15.9121 23.7489 15.4789 29.0438 14.6097 29.8749 29.0234 33.999 35.0504 31.3564 13.5071 9.73261 13.5503 20.9978 10.3415 12.1454 19.3812 36.879 36.4051 30.0322 30.7634 30.6324 32.2405 19.9548 20.2968 22.4422 34.7522 39.8977 21.9573 8.88858 26.532 15.8319 19.7824 25.7621 9.93619 27.3124 18.3712 39.9751 30.0394 22.2333 23.3236 24.6925 38.5912 22.8666 19.7449 35.8093 11.0986 37.3089 12.9385 19.8982 33.1615 18.4616 11.414 19.753 16.1842 28.6689 32.3346 11.653 22.5898 8.13923 25.5289 24.4725 12.6606 25.275 36.1918 14.7619 9.13113
3
11.4479 28.5514 8.59179 26.8747 15.0061 19.1259 21.9727 26.2467 12.8322 8.90862 26.1112 27.8911 18.1167 13.6848 10.2791 14.1007 8.95779 12.9678 21.601 19.0582 19.0822 16.183 21.7145 6.95571 7.87491 14.0274 27.3486 11.6488 10.4354 11.223 18.5375 29.0641 18.3796 6.88322 16.1905 23.5789 8.10628 10.7104 16.7343 7.59187 11.2462 21.2443 29.5491 15.5033 8.01357 18.3789 12.915 15.3238 6.17789 28.3674 14.1886 23.13 26.3751 13.5339 9.92875 19.5865 8.47678 16.9101 27.689 17.7526 19.7367 14.0158 9.19728 13.3914 23.4321 10.003 8.63945 11.0027 8.72017 14.3806 29.7676 12.7952 16.4273 11.5404 11.5499 7.81977 9.48985 27.3009 22.0829 28.48 22.7662 13.6901 6.48212 11.6408 24.9377 24.184 24.4731 23.552 11.2177 29.6211 23.3985 21.8079 11.5877 27.0101 22.3629 13.5586 17.2789 19.4512 29.2308 11.1952
2
14.9619 5.68807 9.1845 12.4054 9.90429 13.7798 14.552 19.9426 8.16039 16.7391 17.3655 11.8804 11.3606 7.78975 15.4479 18.1729 16.7229 19.4787 11.819 11.0604 9.52724 12.9868 4.50157 10.0945 18.1446 11.0101 19.1652 19.5168 9.18542 12.775 12.1687 10.5516 12.3277 17.7501 19.5653 5.17662 4.38896 8.61615 19.6317 17.9338 14.2033 4.05822 4.48407 16.3425 17.8672 7.94067 8.34358 16.4775 13.9154 5.42907 4.014 18.2751 15.9903 16.6207 15.1334 17.1291 8.56721 14.2463 11.763 12.3386 11.2971 12.0056 8.87513 16.9719 17.5308 10.0995 7.30374 13.7074 8.58559 16.5204 12.7185 13.2145 9.31817 14.6641 4.18628 7.63715 10.5653 7.82605 15.8823 15.7423 4.0155 19.1427 19.5124 4.29635 11.0733 9.54285 19.0105 18.231 7.27981 16.2695 5.07285 8.16194 15.8513 18.536 13.0909 15.8229 7.89792 16.8778 4.04734 5.97658
2
11.6823 13.6865 11.0235 13.226 15.0519 4.67731 9.68944 8.93388 12.6178 11.588 12.7159 11.4119 12.2836 17.9249 6.10991 8.83194 5.52021 15.4435 4.11534 8.01825 12.9952 7.29585 6.83597 5.316 18.2681 5.94851 16.5823 9.38646 7.86619 17.1832 5.25447 5.24156 4.05281 5.49299 17.0736 8.83009 12.6003 16.187 18.9748 13.4883 19.8805 9.51497 10.973 17.5669 17.585 6.12501 16.8157 6.54822 5.38746 11.1672 11.234 6.9637 5.8619 4.35475 4.10463 13.427 17.967 15.296 9.8359 10.0931 15.4113 19.4093 18.2896 7.85685 4.20998 17.7331 7.55147 6.60342 13.7476 11.9448 10.8633 19.8227 11.6569 5.89926 14.0277 14.9008 8.82851 9.00085 7.60011 10.4006 16.8628 4.7209 10.1787 15.6439 4.27609 11.5731 11.1055 13.9083 17.775 15.8592 8.89148 18.5505 14.9103 7.49854 5.6775 11.369 14.4229 18.2517 14.0439 8.51803
4
21.9852 27.333 19.6279 21.717 27.8077 17.5516 20.6588 27.8026 23.3691 19.2278 25.6847 36.1558 24.4002 8.40909 26.7861 25.718 27.9412 14.4992 13.085 35.4081 26.8381 31.6024 39.5707 14.1864 37.9281 20.8384 8.67629 30.1516 24.0394 29.7532 8.73336 36.7963 13.9314 14.9501 13.4277 34.5458 28.2977 18.0672 26.3826 33.7046 35.9604 9.22468 34.9935 32.9365 12.3771 32.069 9.64049 11.4031 20.589 12.5363 32.4015 36.6847 18.732 9.463 39.3938 22.6105 34.2382 29.1658 12.8664 23.1209 8.85149 38.1185 27.17 36.2888 34.5828 15.8486 8.72859 28.6238 12.7296 26.1801 38.1381 33.7847 16.0845 36.9472 14.5172 27.8249 18.4594 26.303 38.2347 27.0966 31.6481 25.7495 28.139 30.9373 33.9534 14.0132 9.4149 15.2658 10.4045 31.8913 20.1916 31.21 16.7878 32.1933 33.0285 22.8937 27.6177 10.9043 39.4021 10.5066
2
11.6342 16.5473 9.43824 18.0079 13.3596 5.75722 13.8602 14.8709 8.34392 13.9682 8.87654 17.6846 8.45483 19.3221 4.07217 18.2168 17.0331 15.8127 19.6714 4.38688 12.8297 16.822 16.1611 4.7772 17.5181 10.0596 18.3951 5.95384 17.5947 7.71797 6.99312 8.40942 11.4787 19.6559 17.8459 10.9405 8.62544 5.42292 14.5389 5.27194 19.4643 8.93705 14.508 18.7411 14.9749 11.6282 9.73899 6.85398 14.7129 19.8601 10.8232 9.52554 18.0988 10.4428 19.1826 12.8179 9.78218 18.0488 8.27562 17.9873 17.893 12.3448 14.5978 7.65379 15.9938 16.6517 11.2882 14.905 7.54383 11.9458 9.15513 9.1471 11.6893 6.01273 17.9329 4.51567 9.19039 11.5676 16.583 16.6581 7.29921 17.1536 5.4518 9.70093 18.3999 6.63101 9.09629 11.2142 7.22435 7.06975 14.5924 16.9854 9.45524 4.85782 10.1366 15.4151 4.5296 5.8379 4.75411 17.3478
2
15.1504 13.1369 14.1376 17.5418 7.61723 5.8151 8.42076 4.34029 8.10986 15.0864 5.62041 9.46482 19.6268 5.46578 19.467 14.4218 5.60877 8.13743 11.2801 10.0145 6.02402 19.1929 15.5822 14.6171 14.6504 12.3311 19.6893 8.19147 12.1161 13.5831 9.84189 19.6098 9.26113 13.6232 8.43879 16.8455 7.38378 9.22984 10.9354 5.59476 9.93206 5.45861 6.97019 9.89107 16.2048 6.08908 18.2803 12.2755 11.6237 7.90905 9.97085 15.0852 5.13916 18.398 15.6982 4.42272 8.33262 8.37238 5.33139 18.3679 14.7774 19.1557 19.6536 12.9961 10.2211 7.83495 12.6658 7.76443 16.1513 10.1669 14.0555 19.8283 13.3086 4.69628 12.3937 4.85146 11.707 17.6479 19.6207 9.87164 9.72684 4.15631 13.3858 11.7843 4.84064 5.39461 17.8005 7.0071 14.5359 13.165 11.171 9.88747 5.99634 17.5141 9.26903 5.41592 5.10426 12.9348 4.70661 17.8075
5
31.0793 29.7149 32.3469 18.6256 30.7587 34.7432 11.4993 40.0427 10.6798 31.1016 48.6587 42.5623 12.9973 10.9507 31.9173 45.5958 37.4452 49.8404 21.9998 18.4269 22.9994 25.8899 47.1353 35.9798 49.2784 43.5894 30.5573 28.3492 35.964 33.0037 33.9161 19.874 28.5241 45.1612 49.8814 43.5357 48.517 14.4073 27.219 46.4628 16.76 48.505 21.622 32.3223 27.6433 37.2625 15.5767 16.3798 22.8693 20.4709 40.5466 19.009 42.9003 45.9315 44.7537 13.4324 44.3945 18.3548 39.8394 33.4746 41.9119 49.9129 29.6863 17.108 22.1721 33.225 34.6815 11.5744 49.1441 47.559 14.7034 15.8614 28.2496 19.0297 24.1126 26.3173 47.9622 25.5739 22.0287 21.1832 27.0821 47.486 11.1738 29.8256 45.9687 14.2928 28.5641 42.4498 30.0118 48.7503 41.3314 46.0753 23.6228 18.7433 10.9544 42.5547 23.0274 37.8692 39.1827 34.4176
2
7.44964 13.5796 14.1319 4.01286 17.7496 10.5084 10.7607 10.5654 13.6656 6.12547 6.08864 15.6779 8.59689 5.40684 8.74363 9.18491 15.5849 12.2343 14.1865 10.7919 7.40225 18.1303 12.4718 17.8025 8.75048 7.99372 10.1496 16.3786 5.63198 12.8994 9.37202 8.39456 16.9564 4.02336 19.2658 9.94907 5.44521 17.7564 18.6343 13.5967 12.8968 10.069 17.0513 6.36128 12.8741 14.1899 13.4079 11.5948 17.8775 11.6596 6.97768 14.7427 6.06634 18.8236 12.0592 5.07918 4.58964 14.8259 15.2616 17.475 14.5907 13.1663 10.4929 14.2599 10.9462 6.88306 10.7164 11.2417 13.8042 17.4251 19.535 7.94596 8.98104 17.2741 13.6674 6.13745 10.2827 12.3808 7.37886 4.68621 16.8102 14.477 17.9281 6.8411 6.31347 5.32598 11.0934 15.973 13.6558 14.974 5.84035 15.8501 11.4502 8.0654 9.1938 15.5082 17.9326 12.2832 16.3762 18.7779
2
13.1266 15.3814 16.0947 10.3141 17.6431 13.7378 15.8218 17.852 15.6545 7.85739 19.4761 19.5045 9.04472 8.81705 18.0277 11.5035 10.9157 16.2733 12.3711 17.4798 17.4689 8.21245 18.2452 9.16455 13.4157 17.3075 14.0869 9.60368 18.7281 18.6936 9.63227 17.6979 12.5428 13.9748 17.077 4.87995 6.03192 12.2756 14.6093 14.7425 12.0507 13.1478 12.1268 16.4281 15.3771 4.14733 12.9513 14.5951 19.3542 5.89174 5.35219 10.7707 8.74862 9.41215 9.69282 6.90421 8.63705 6.61138 19.0107 5.93352 7.13395 14.6411 10.8453 16.1761 9.77221 15.0105 4.12505 6.35822 17.3498 4.2387 10.9267 18.094 11.0549 4.86386 8.91901 6.62733 16.6814 17.621 16.3038 8.64913 19.7482 11.6016 19.0661 8.00191 19.3338 5.20662 16.347 10.0849 16.4403 6.70642 5.75057 7.77162 8.69641 19.2195 6.39787 5.65292 19.2157 14.9227 13.5409 17.4174
5
18.294 43.001 16.005 13.0137 42.3158 41.996 46.264 10.123 29.9763 37.6287 43.0888 14.8425 32.6938 36.3469 31.7158 26.2401 24.5943 38.0894 16.3779 21.0105 29.8115 22.4138 44.7244 48.3048 35.0032 43.6315 10.6613 48.0217 15.9919 46.3546 49.5186 48.9626 17.435 22.8619 29.4496 13.2598 34.4306 23.6906 12.9703 43.4824 14.9664 22.8581 12.5438 38.827 32.1165 49.1228 14.1165 16.7987 44.8932 44.6874 12.5119 46.7896 36.6596 42.7535 12.5889 31.9602 10.0104 25.3317 40.0704 25.8299 47.0246 32.7147 15.9486 19.9843 13.7997 26.019 38.373 29.3033 18.1706 14.2022 25.9279 31.1183 19.5217 46.9608 46.205 44.7032 39.5972 44.9165 23.5779 47.5067 33.2158 48.4958 10.0843 34.5309 47.7973 36.9098 13.3224 17.2641 30.6054 38.6404 25.268 48.5722 12.6153 24.839 25.918 49.9559 47.9097 47.0444 25.6665 27.5806
1
2.53725 9.67538 4.89079 8.10106 9.86848 4.53582 7.45046 8.66618 5.96452 9.65249 8.2847 7.76579 3.37548 7.915 5.81205 6.68279 8.19543 6.4027 4.92104 4.97385 8.54781 2.52404 4.05438 7.69584 7.55764 9.24423 6.60827 6.79888 6.96679 4.05759 7.80271 6.34205 9.54856 4.36075 6.1794 3.18811 6.47785 9.88298 2.88325 4.83353 5.81313 2.82993 9.88385 8.02996 8.24647 6.39695 2.29312 7.85349 6.27788 4.30831 7.93548 4.87792 4.97027 6.03857 9.32657 4.10825 8.44115 8.37231 7.21704 9.3307 6.24747 5.95846 4.85744 2.53549 3.81969 5.51557 2.14066 4.06859 7.10152 8.34417 2.77791 7.16876 9.5514 7.80251 7.66477 6.54609 7.66204 2.40193 9.59341 6.65824 9.15438 3.17814 6.46718 9.34078 8.00195 7.99457 4.17394 6.4477 6.44221 5.43415 6.27437 5.15846 6.13086 8.93569 5.66142 3.6078 4.59549 3.83118 3.34719 4.49453
3
8.33722 6.53902 23.9842 23.1392 6.91704 15.4958 29.5324 22.5734 17.8162 8.15355 13.5229 13.2691 16.1516 22.8155 12.3927 9.18508 19.248 29.6663 14.2957 28.9996 22.598 21.8803 6.52134 26.3451 10.2625 23.8807 29.149 23.7388 24.8025 15.3408 7.0315 19.8046 23.8382 15.524 26.2029 13.3789 24.3281 26.5544 22.8023 14.0943 9.66207 20.2124 18.6095 11.0356 16.6618 14.8486 27.2845 21.0605 9.58357 7.01062 9.40543 8.38049 18.2151 8.37608 20.3993 24.9943 15.1623 12.5849 29.4574 15.568 21.4184 10.5658 21.5315 8.35569 23.3093 10.9499 16.5025 27.7551 9.9096 28.1657 29.6164 6.09004 14.0222 6.80905 27.2815 26.2158 21.8158 16.881 10.3197 8.53931 6.21387 28.4893 26.7662 26.0488 9.12893 20.6048 18.3119 12.9466 11.6354 8.46875 10.4805 14.4787 9.17568 12.2432 10.6364 19.5546 18.8922 19.4988 15.915 7.75172
4
35.7999 34.3315 29.778 26.9328 13.2419 13.3748 27.2333 19.6889 15.8665 18.6143 20.816 24.8217 25.4051 20.702 21.45 28.9528 17.4187 28.0988 32.8714 15.9903 31.5519 28.2309 33.9119 9.38991 39.2499 18.763 22.0567 25.3486 34.5643 20.6175 19.9025 8.55449 13.6704 36.362 18.1416 22.1182 28.7231 21.5907 28.6963 11.3112 29.6761 8.92553 13.6278 36.7357 15.6883 20.2613 39.4469 24.5508 33.7431 18.8797 22.4489 9.38112 18.1064 33.0575 38.6997 29.531 16.2462 14.7942 36.2964 26.1313 10.8414 29.2835 35.5294 9.84212 27.5027 34.7542 22.5691 30.7379 9.83146 24.3048 30.3029 38.9982 39.4418 29.3577 11.9486 20.0311 14.5702 36.3573 17.0667 27.6525 20.8983 36.3372 35.5996 34.9476 12.2133 18.982 35.56 10.4386 18.5314 18.8074 23.9952 27.1843 27.3096 9.08495 32.852 28.4362 35.3691 23.1364 35.3665 33.4763
5
31.4906 31.5553 38.5048 21.7216 40.0296 11.5125 29.3074 40.0809 34.5058 26.3227 40.7121 36.5748 24.3925 25.7274 36.8338 12.6598 14.6812 23.1351 48.543 36.7676 44.7292 49.4009 30.5475 48.2131 20.1771 34.0904 15.9964 14.2892 49.3399 48.1312 45.0111 39.4534 45.4811 31.7616 33.5527 35.5131 46.373 21.6791 39.0279 11.7157 32.5519 21.2982 29.0439 13.6497 35.6726 28.0218 29.7153 29.8629 18.3695 21.4329 19.9306 35.1046 17.0309 46.3133 27.985 29.0972 48.891 14.3949 16.9845 19.7439 14.8482 18.7506 35.4287 29.6788 39.4138 44.7298 39.3777 15.0652 19.1986 11.3467 42.6101 35.5494 41.3439 47.0253 21.1779 24.2748 23.3016 33.6094 48.764 36.8635 15.3713 22.5429 29.2503 28.2717 17.4001 17.1264 42.9004 16.4244 11.0509 24.757 12.5652 21.537 39.0457 13.057 46.316 20.0279 12.7906 13.7986 22.9123 41.9307
5
23.6643 18.703 17.3799 47.1701 28.4511 14.3055 41.6143 29.7583 31.4997 29.5578 24.735 47.9911 18.5768 20.2639 33.0664 41.9462 28.2788 43.9004 39.0556 20.3341 26.6778 32.8169 20.2616 44.5435 40.2236 16.8224 21.9889 23.7147 10.1799 10.9408 31.8478 41.6222 41.8785 34.1158 44.5221 26.1478 12.0709 14.647 25.025 22.1243 27.6597 28.138 48.7264 18.3337 39.0905 43.7382 26.4298 49.4377 41.6857 44.4589 32.783 23.6249 28.2011 37.3458 26.3019 16.7541 25.8881 39.2885 39.2896 23.7749 41.3398 14.2485 45.9316 48.2082 26.4055 27.6866 46.8488 20.4668 28.4522 13.9719 38.3888 45.7973 18.2565 42.5526 24.9377 12.6251 18.8066 18.6702 42.5326 42.0832 48.296 44.3982 12.0577 29.507 40.5907 35.7878 10.3028 18.6747 36.451 41.8993 37.1675 39.5763 28.7881 41.5035 47.2922 10.4914 15.2387 43.2311 24.3954 35.1573
3
20.4136 8.5179 23.6627 18.5555 7.30552 21.3402 17.2658 12.9839 17.6502 17.0852 23.3044 14.5653 17.7654 22.5529 23.9222 24.4869 27.5973 19.8801 11.9089 9.20778 6.67208 9.16137 16.2462 6.02962 9.13414 12.2425 17.2871 13.1375 18.4664 17.7817 29.1649 27.2046 6.48493 17.672 9.02255 21.6547 23.2023 26.9169 26.6582 24.6761 10.1535 9.05586 6.18003 6.08072 19.778 19.2309 13.2635 8.10248 17.4513 18.9894 27.6066 25.2278 8.76099 22.9166 18.1739 8.15298 16.6192 19.1912 16.8268 12.9619 14.8069 24.1579 11.9303 18.6174 26.5429 13.0113 17.5322 21.8603 26.6715 26.6843 7.70773 16.6102 12.0626 17.034 11.6635 22.9615 10.8176 6.42093 23.1944 24.8679 22.8759 15.7733 8.08735 17.6104 10.6144 13.231 11.0655 12.1409 16.0346 21.4631 9.86675 17.3964 7.13119 23.7525 10.0503 27.6778 22.0351 10.9408 16.1248 24.1851
3
12.2408 22.9753 29.548 22.0173 9.94895 20.7034 16.9517 28.6261 6.70175 10.98 11.2084 28.1072 11.7327 24.5175 6.6043 8.89774 27.6631 6.42886 7.20401 10.2822 10.7304 18.4739 6.00219 27.3085 27.7944 19.4494 8.46229 29.207 12.8375 25.9419 22.16 20.5321 19.6811 21.6625 12.2506 8.24434 25.6335 21.5816 20.4782 7.95262 26.7908 7.08257 27.4474 12.5345 19.708 6.35378 7.87359 20.3538 22.159 24.2364 10.5328 10.2942 27.7056 11.7482 28.6287 20.8272 10.7926 23.5009 8.29637 16.3338 9.08889 21.2305 12.9601 21.8984 27.793 11.6593 15.2656 29.7933 20.621 12.9078 18.3048 26.8731 16.1976 21.6764 13.8514 18.0974 8.56639 15.4138 11.3266 23.4008 28.5404 29.6928 17.2136 7.12881 26.6104 21.0112 18.6396 17.2581 20.1303 23.2368 6.84419 25.6207 27.4979 7.91465 10.2521 22.3501 14.0499 16.6566 16.8704 11.768
1
3.05849 4.25428 2.44236 4.69809 7.27718 2.24876 6.51555 7.73848 5.49967 5.54118 5.68011 9.71636 8.13933 5.6494 9.50842 3.71771 6.3101 7.08278 9.45708 5.52812 2.57962 7.33369 8.05187 3.49757 9.03145 7.18592 6.52254 6.11277 7.41758 6.62122 2.6684 7.55825 4.18256 7.60531 4.73627 5.54754 3.14044 7.03444 5.09175 7.70547 8.58583 5.1239 3.4653 4.78317 5.62021 8.51966 3.55423 2.9867 2.47492 9.41441 4.7619 9.70077 5.61192 3.94923 4.85537 4.88871 8.38365 3.18217 7.32278 4.44996 4.0332 7.90498 5.21169 3.81633 3.81614 8.5892 3.22959 8.06827 3.02505 9.74294 5.8879 4.85243 7.69827 7.95952 5.47066 2.38173 4.79388 6.93927 5.60919 8.7992 8.61032 2.76573 6.24394 7.18681 6.23481 2.71747 5.75483 6.50065 2.80088 6.89683 6.04126 2.71353 9.33621 3.9568 8.33308 6.4464 9.98206 2.20728 5.5138 7.36982
1
2.97046 7.44539 7.82087 3.50689 7.47117 2.81887 4.80915 2.33643 2.29048 8.33749 3.69641 2.21122 7.85373 3.77288 7.79851 7.19974 8.40464 9.84747 8.28664 8.61975 5.82593 6.22854 8.45833 6.59605 4.89981 4.81378 5.7766 4.48792 9.16476 3.9646 7.83335 2.84237 4.52463 7.34346 8.39333 5.52955 5.76658 5.01144 3.67494 4.7166 3.14383 8.44228 3.02416 9.33599 8.17965 9.10929 6.13762 7.7049 7.84884 4.3011 8.99146 4.95158 6.29279 3.8228 6.63182 5.90522 7.22461 5.23851 2.98351 8.10532 8.18037 7.31173 7.83294 7.5871 7.77276 5.2997 3.14166 6.09883 5.10355 9.75798 6.84665 2.40777 4.49086 4.51159 4.30374 8.35053 8.66774 9.44883 7.53036 4.28446 9.60808 7.7942 8.40374 6.59608 4.13631 3.51646 9.97107 5.92293 7.47699 4.5283 2.02765 8.74506 7.90059 9.33369 5.11937 9.00232 7.6217 4.77926 5.12573 6.39392
1
6.9816 5.25057 7.3031 8.69016 9.96795 6.77402 8.32924 9.30953 2.18513 3.76686 9.71262 8.14077 7.40183 3.73579 5.36999 9.10177 3.19196 3.2292 9.39218 5.24702 6.00059 9.24786 2.08291 8.49897 2.91349 7.17965 8.46685 5.91887 6.16153 3.78948 2.2982 4.04851 4.39119 3.7955 2.60096 4.85389 2.73244 4.56316 3.77223 6.80232 9.69527 7.44808 6.27968 6.60395 6.92595 6.31912 8.98463 3.14917 3.85463 3.7929 2.12173 7.17307 9.26504 3.71097 9.9667 6.17815 9.81804 2.39093 2.22333 4.14662 7.55985 3.18271 7.16094 9.5735 2.44655 8.86125 9.53353 7.35172 7.91578 4.38692 2.31202 8.04061 5.5372 8.56483 3.26064 6.04884 2.77272 3.13425 9.38885 8.26327 7.87792 5.81964 8.30999 8.65475 9.97571 3.8741 7.53793 2.39226 6.33375 2.64701 4.75293 6.99664 8.87664 5.70661 8.06802 4.06505 3.96424 9.04918 9.32708 5.09754
3
11.8582 19.0285 28.3335 27.8046 25.8511 23.6501 27.8066 17.315 18.8904 24.8515 28.6066 24.982 8.5516 23.1014 9.5604 18.2042 23.6309 11.7083 16.0941 21.5748 7.80088 19.303 23.1514 7.31216 9.59738 19.8962 25.8035 6.37342 8.95645 28.2276 10.7682 28.9695 8.5207 8.12708 20.058 13.2012 15.9333 19.6053 19.9747 26.5345 29.3383 28.393 14.6704 14.8337 24.307 7.64831 9.49301 7.67203 18.4072 7.54964 11.3351 14.6371 7.63614 18.494 19.2051 29.3514 6.93488 11.6188 12.2393 11.9253 25.0026 18.3666 20.3735 14.5628 25.63 20.8099 8.89292 21.0363 29.7713 6.45783 10.08 12.7528 14.5711 19.2596 29.177 12.1264 15.5685 20.5266 25.8843 27.9784 28.2939 27.4906 14.6112 25.6836 7.47891 19.2166 20.7001 26.7796 28.0982 17.5896 19.8399 16.7603 6.46117 13.0937 17.891 17.771 17.5728 11.1028 26.3369 16.9237
5
32.1214 30.982 14.9127 40.764 26.0574 22.9818 49.6015 18.9322 39.9452 30.8108 27.2783 12.1053 29.6243 38.221 18.6703 24.5357 49.4156 32.5604 37.7691 49.6066 35.58 23.3388 49.1872 39.8164 35.4236 12.1065 48.1142 16.2763 38.4572 32.5482 14.28 41.629 16.0138 29.7021 31.3296 30.2937 25.7333 37.208 33.0173 19.9441 47.3176 41.4919 47.6266 18.1255 25.9658 11.7918 22.0202 27.9175 49.8919 24.9339 36.7284 26.5481 38.335 23.7614 13.4815 40.8661 46.465 38.1265 26.5915 33.5771 23.5924 27.3477 19.591 44.1504 31.0876 33.0422 18.534 38.3022 16.4153 21.2373 23.3662 49.9621 49.6913 42.6678 48.7698 49.6286 19.1678 30.1659 35.8903 23.0195 32.0522 42.0499 46.3499 33.9249 17.0681 10.417 39.956 15.1675 35.1615 23.2479 27.5087 41.577 14.762 19.2279 40.1154 48.8854 38.002 24.1923 46.4174 12.4483
5
36.8033 13.6611 17.9072 45.7142 19.1767 18.7658 11.3446 10.1549 44.6238 44.1108 29.7781 29.6711 29.0551 14.3777 16.3629 25.2627 16.8932 37.5775 13.4603 26.9178 10.1497 21.8393 13.4388 21.7554 26.7711 18.8536 16.6373 42.963 36.5378 14.7488 49.7683 45.308 32.794 19.1828 28.0457 43.0053 28.2924 33.4322 34.3161 35.7224 13.433 48.2581 38.4766 18.5021 45.1794 32.3321 10.4585 21.3862 44.9314 42.0016 30.0599 14.519 13.6371 33.1776 46.9073 44.5135 22.4245 46.125 33.8283 17.8613 27.0353 43.9364 46.9153 37.1664 44.3399 15.4721 35.5637 45.986 39.2174 43.5464 15.7628 28.0579 40.0796 49.1416 29.9242 16.6959 11.3222 12.4308 46.5253 20.1364 20.9829 41.3919 42.8525 18.6141 11.8883 28.7923 44.1227 38.9512 14.5712 48.3269 22.2659 42.4399 10.2387 10.6901 47.6496 11.7988 22.0731 30.363 17.0267 32.9866
3
26.764 8.44423 18.3432 27.9456 17.0476 16.1693 16.8041 10.573 28.648 8.66043 16.7341 7.68205 8.5553 18.7715 26.5172 21.8961 27.6663 29.0251 26.7679 12.6918 15.0784 19.6502 21.0548 20.5978 25.8924 18.9646 14.1812 6.53458 24.1189 15.1967 6.61604 12.3909 16.2813 26.8396 27.6669 6.92966 9.30904 10.6316 19.992 11.1169 16.3156 12.2578 18.0427 22.968 27.8538 10.8644 13.0307 12.0049 16.244 18.4815 7.01426 19.4175 22.5666 17.4474 20.6966 22.0239 21.9144 20.9277 17.5307 16.1222 12.4987 19.6237 24.7237 15.3287 12.2002 15.7633 17.735 22.4951 12.163 15.4684 28.8622 17.7997 15.0205 24.5927 10.5074 11.1049 27.351 27.1232 21.7194 20.6765 25.9543 27.24 16.6032 14.3566 19.5437 26.1262 7.19365 23.2854 21.4481 26.6249 11.3836 20.2652 18.9162 20.8335 18.5028 24.8599 6.61781 17.732 19.1407 15.3241
2
13.5232 10.4899 15.1323 16.3588 5.86917 13.7472 4.58629 14.2735 9.26064 7.49464 8.84731 19.8449 4.94372 9.98799 7.5208 6.25307 7.43033 19.5277 5.35136 7.18483 4.29111 8.32354 10.7095 13.8061 9.78912 16.2781 15.3256 13.5596 4.16697 9.50133 13.0831 5.59968 14.3996 4.36978 19.6843 7.67842 4.22575 17.9414 11.0 9.29324 13.2695 17.5401 5.91705 5.91048 13.0661 14.3209 11.4948 13.0764 7.80286 17.6301 16.2439 11.2284 15.5888 18.9708 13.3395 16.0189 18.0647 18.3882 7.58208 8.96462 18.167 14.0857 11.9169 11.2333 13.8573 8.08555 11.3264 11.3806 19.6296 4.74546 19.9066 5.84995 15.6096 14.9444 8.94104 15.0476 12.056 18.7499 15.7837 5.8048 5.07875 19.379 11.3646 7.04104 19.3846 5.26584 4.12963 5.43926 5.86437 9.04837 14.2274 11.9466 5.83286 8.2862 19.7559 5.91295 5.73504 8.7225 12.881 11.6792
3
11.0471 7.12955 29.9671 8.6673 23.5417 9.10228 20.9796 7.96306 17.0811 19.0915 15.4016 15.1232 28.888 20.8104 10.5279 12.9221 9.63405 27.9219 27.2239 8.83106 28.5403 15.6465 26.0949 15.3955 16.7011 6.36802 8.80108 28.28 19.9757 10.0806 6.86219 17.8281 18.7922 6.52081 26.2959 27.9777 10.2064 17.8283 22.4333 26.378 21.5598 14.5796 9.25537 19.5505 19.0802 28.0372 29.5943 16.9383 16.7699 7.45999 6.54305 9.68736 24.923 23.3165 6.41775 16.0034 11.6177 7.24608 9.61528 10.9281 8.52617 25.6114 19.7112 20.3787 18.3861 25.4859 27.141 17.2946 11.4775 13.9201 21.8085 7.73421 16.4488 29.3307 14.9654 28.7666 28.8357 13.8555 12.7054 26.0013 18.6165 13.5186 9.41712 16.6 12.1483 11.0497 27.5389 13.614 13.8269 22.2008 19.9598 9.49073 18.8144 12.4035 9.41028 10.5939 14.1791 12.6128 29.1865 24.5805
1
8.98701 2.89077 7.40312 8.12154 5.31744 9.369 8.12881 7.47987 9.31091 6.93882 5.03511 3.41516 9.28594 8.01098 9.05265 8.03205 5.96891 4.51728 6.81232 4.42621 2.56389 8.2984 6.26718 6.36244 7.71561 9.48639 8.03551 4.02563 7.52169 7.53805 7.62125 3.5006 8.75042 7.57538 7.66828 9.63727 9.42044 4.68951 5.40448 3.95732 2.8984 4.86415 2.43207 3.25861 3.67098 5.175 6.0204 6.57354 4.94747 9.92124 9.05736 8.13779 4.24915 9.34543 9.81579 8.02541 3.14178 9.59801 6.69111 2.10684 9.26734 4.60271 9.06628 6.98574 6.8314 6.47907 3.46057 9.57122 7.70227 5.17833 8.11818 4.94154 9.27821 9.98897 7.19314 8.15552 7.27901 7.56814 5.68658 7.668 5.61806 9.15516 8.29269 6.00551 7.5113 9.62347 7.3097 7.35852 5.97919 3.02715 2.77196 5.74635 9.89803 9.29838 7.9595 5.41115 7.75685 4.75197 3.4413 3.09712
4
12.4076 14.6846 16.454 34.779 12.4601 11.4947 11.4827 37.119 39.1239 33.1901 26.3052 30.1631 14.8486 18.5907 23.6634 29.5074 9.36724 18.2375 20.2026 27.3769 36.1396 23.2319 31.0882 23.5278 29.1741 22.7328 12.0631 30.8715 20.3512 8.238 15.0681 33.9438 33.373 34.773 13.553 14.3445 18.466 9.11308 13.6012 37.2737 31.9601 35.1637 18.9948 17.2877 8.86953 10.6243 34.3429 37.4013 20.6009 25.06 10.4002 23.6602 29.9134 13.5065 27.7 17.3103 19.2556 39.7334 30.6264 22.6861 32.6042 31.2906 32.0509 16.9458 30.9303 36.4632 20.659 11.7772 13.4168 33.2587 27.0903 33.1986 32.5532 24.5535 13.019 21.5812 27.2326 9.52214 23.2985 14.0164 13.975 37.4744 25.295 19.1544 32.4034 14.2263 19.5365 26.6384 17.0957 27.1288 21.8005 25.2594 31.9397 10.8796 36.766 39.9565 31.1146 16.2438 23.356 13.7883
5
39.3315 18.6568 23.7974 43.3533 46.6991 14.0042 37.2518 33.9756 13.1729 41.7414 47.1966 28.8827 39.0019 23.3361 39.3858 39.8226 17.7721 36.7697 24.6536 12.6709 37.3231 44.7126 30.2571 38.629 20.7736 21.1287 46.0929 44.8694 29.6885 30.8424 12.8224 24.1563 21.4184 26.5977 28.9331 32.9758 22.6424 18.1414 43.7708 37.7052 11.1459 37.861 33.5712 18.3531 47.8649 17.5102 27.5239 29.4014 11.2268 20.5506 40.899 47.2811 15.8209 44.6434 22.2678 44.012 47.4275 18.8208 11.8497 16.5385 36.4396 29.869 38.0152 31.293 41.7056 22.4538 48.9767 33.5165 26.8262 27.5202 26.6997 20.8694 40.9366 23.4971 40.0628 30.8634 26.0038 24.8381 44.3012 41.6447 42.6723 42.431 43.7615 15.6609 36.6876 10.4051 45.0022 45.7428 37.9299 23.8689 37.2687 13.1312 14.0892 42.1102 47.3756 16.9813 11.0123 21.7872 46.0265 44.8755
4
28.4404 16.1046 11.3583 30.6635 26.111 28.7738 37.2268 28.5548 19.646 35.8838 12.3009 15.1105 30.0757 27.6918 33.4232 30.5375 14.1919 21.6382 12.5014 25.3271 12.7845 15.3108 17.3945 8.38324 11.4587 33.5192 28.9412 25.8252 27.1561 16.6064 15.2566 9.58906 13.5068 9.12132 16.4203 22.9527 18.1365 27.9781 36.683 30.1099 9.0534 21.2258 29.3155 20.9181 11.24 16.5555 11.2253 17.9452 18.5755 22.6683 32.4652 12.9399 18.213 22.629 21.7602 15.8511 24.537 22.3324 17.177 23.521 27.8252 29.2049 19.0604 11.1771 26.7416 36.2678 22.3626 25.8479 33.7837 30.6867 25.4907 20.8279 14.8102 21.9329 12.7956 38.3155 19.7738 28.6802 11.8298 11.3508 33.7836 35.5637 14.4962 32.1763 13.6234 34.9247 39.2163 22.1471 38.8495 20.6667 11.2393 18.3146 34.5936 33.3483 10.2199 27.8091 35.1958 11.6369 34.1885 9.14638
4
16.9154 15.5347 34.0038 9.95304 29.9979 16.185 21.8169 31.8287 35.2213 18.5594 24.3931 17.2994 36.2321 32.6656 33.779 25.3062 14.8317 18.9 16.48 17.7434 27.9378 37.0079 14.7082 22.9085 26.7753 24.1779 10.1706 13.398 32.9189 22.8971 13.0244 19.0769 33.8159 23.19 14.6224 11.7445 24.4116 31.8683 26.675 34.1232 21.5036 29.414 21.4526 29.7939 13.4492 27.1242 11.6552 22.704 39.8519 29.1383 36.5712 22.8728 27.851 31.9774 21.1539 34.9188 11.6394 10.2165 26.6385 10.0347 25.8363 36.9178 11.3241 38.0342 27.3365 23.4479 20.1487 28.0962 16.2644 11.305 33.6782 22.8318 22.6569 36.5816 27.1377 26.2978 17.4982 35.6856 30.1086 26.5827 38.735 12.9473 17.516 37.5904 30.8937 26.7356 14.5334 24.6454 24.9271 38.7093 38.0268 34.5461 12.9141 30.8278 17.1666 26.6897 32.2383 34.747 35.8289 29.8947
5
29.8946 43.3695 40.8851 11.7999 36.0262 45.6187 46.3744 13.4522 30.7187 28.9701 29.6603 40.2046 31.8451 44.6503 25.2405 35.7123 17.0138 32.3617 37.4795 11.3902 16.7524 10.4532 17.1524 20.1206 20.0751 14.4529 22.9521 22.1502 40.0933 34.119 40.6153 18.3339 17.3225 49.1651 22.3258 35.8802 48.344 33.8156 39.0486 41.7563 37.477 10.3482 48.453 28.9073 39.1165 41.78 31.0804 10.447 48.3946 23.8518 17.4127 26.9759 47.8203 26.4688 18.4979 42.1833 47.5553 24.753 42.7894 11.8891 26.9801 29.8634 31.8541 21.6814 15.2091 39.7407 37.6076 38.3073 38.2092 39.9326 13.7303 29.9719 30.1781 14.6557 43.9231 20.7023 16.8401 18.2508 39.6562 13.9328 48.3142 47.1873 30.0703 10.4677 49.2107 22.7729 16.6842 35.9777 43.6143 44.7258 15.5657 23.1861 22.607 45.7646 39.6222 43.9014 11.9907 27.3722 23.6676 36.0521
3
17.4667 6.80915 26.3294 23.1287 29.0163 11.4462 17.4506 18.3827 8.44083 12.906 8.09108 17.3619 29.2869 23.9495 28.5071 13.8882 13.6441 27.8287 9.69305 9.11539 22.1005 16.3127 24.2442 17.9599 11.9423 24.8282 26.0741 23.0041 8.31913 12.9304 24.7065 27.0904 7.09143 20.3245 27.8587 25.8249 14.0805 26.6565 28.0372 15.2095 7.43855 29.2913 26.8625 11.6213 23.8585 19.2976 24.843 19.3575 23.3417 21.8587 6.3166 6.96576 9.24238 13.3259 27.2779 7.57724 22.3081 13.136 15.811 8.46206 17.4342 6.81009 28.8457 21.0257 21.8516 10.252 10.9561 8.46531 19.4659 15.5664 26.9211 26.3037 20.0681 20.6145 25.7636 25.0213 10.1339 14.5266 23.9899 18.004 15.9309 13.3889 17.7456 28.0246 11.6538 6.32615 19.6078 23.4793 11.3037 14.195 21.7328 13.595 17.0329 13.1106 29.0773 21.8281 6.67261 9.02255 24.4117 22.6731
1
6.81321 3.87448 7.61381 5.39631 6.4972 3.1051 5.85019 8.9126 5.70995 2.07516 9.7877 5.50799 8.90714 7.52599 9.21137 4.55637 4.43741 8.43852 9.75264 4.24682 7.09289 9.1426 2.63728 9.5817 5.99994 3.27422 7.91442 3.61359 6.63162 5.86234 4.94764 6.20215 5.72289 6.82624 5.94963 4.57232 3.8699 7.16478 2.34148 5.95499 2.59468 5.11887 3.718 8.59149 6.65633 9.58823 7.20015 9.38304 6.3901 8.0839 8.95604 8.46655 4.85551 2.49754 3.67152 4.99785 4.57485 3.96902 7.75184 4.42373 6.6432 8.1332 8.03545 3.52404 4.99133 6.02758 3.80124 9.50497 8.58269 7.94164 7.85055 7.42496 6.32566 3.4895 2.44511 8.23425 7.4825 7.18682 7.88214 7.70958 4.356 4.81348 7.48801 8.56506 2.03531 9.84304 2.81149 4.02061 5.98207 9.22044 2.79803 7.10917 4.2381 3.76902 8.72627 4.00389 7.03596 6.50823 2.68788 7.64665
1
6.16669 4.78363 2.24572 3.84688 7.19871 5.7825 7.69638 7.9772 5.10156 9.89233 3.7395 8.07718 3.35565 9.84765 6.69534 7.4286 3.17958 2.02175 4.93976 4.17556 4.01326 6.99736 5.29103 8.16196 4.84736 5.3352 7.57086 3.54503 7.55511 4.1964 9.49606 5.84085 9.38281 4.47521 2.05698 4.05831 5.75531 8.0983 5.53904 4.57769 2.55263 7.14669 6.34359 3.43012 7.01408 2.45675 8.76426 3.63417 8.42601 5.35647 9.87524 4.24579 9.74957 2.19318 3.68756 9.77794 5.34461 7.30906 2.72965 6.64603 9.94601 4.12067 3.20856 7.29555 6.04877 7.95866 5.90791 8.66803 6.85799 6.32408 6.97899 9.66164 9.96002 6.21737 2.78108 2.24273 2.87112 4.1964 6.92741 4.86438 7.61976 8.81973 7.69292 8.84844 9.51884 7.13141 3.94007 6.38715 9.28422 8.84347 3.71897 6.82062 7.65552 7.87251 7.6981 5.84649 5.67574 6.88647 9.58181 2.31794
1
9.24362 3.46967 8.60115 3.87437 6.33615 4.90365 5.50305 2.55543 6.56189 2.04317 9.99553 8.84129 5.21313 9.57265 3.50952 6.60527 3.10796 5.60875 8.82199 2.95323 3.62924 7.71704 4.4585 9.20141 5.74866 5.23397 9.84634 3.17522 7.06666 6.42515 4.24928 4.35994 8.89994 5.0114 8.51542 3.43483 9.44744 8.59364 4.66927 9.72174 5.06622 9.50804 2.37922 2.0795 5.68847 4.64256 3.33186 2.77539 8.41088 4.7461 8.54424 7.86497 3.28762 7.76172 7.64535 5.61131 7.35814 8.71489 3.15814 4.47516 4.94118 8.68827 4.8132 2.20714 2.22605 3.41409 2.92555 5.57314 6.19257 6.01551 3.86554 4.24442 3.89086 8.42817 4.65528 4.38339 4.11224 4.03304 9.72189 5.45649 5.48251 4.03213 2.8386 5.80537 5.00885 6.09801 5.28519 4.50762 3.11152 3.82848 9.2589 9.05828 3.17174 7.53779 9.56703 4.40342 5.62694 8.9154 6.63257 8.85705
3
8.43896 6.53199 7.62109 9.64192 29.4953 17.0737 29.0384 19.9996 21.7251 22.7723 23.6794 12.6305 13.2426 23.624 25.7982 18.5347 7.99944 22.7475 9.60244 7.95571 8.90808 17.2655 23.3747 10.6932 14.266 19.2284 13.2535 10.5676 15.6985 22.2992 27.8925 24.755 7.83921 27.9184 13.2176 16.7121 25.9678 10.668 20.4993 17.4084 17.8221 20.5524 24.9598 19.5857 9.80493 25.9159 22.134 7.76327 25.8034 18.7154 19.2018 12.7074 14.8399 21.8657 24.5124 13.0836 25.7733 28.379 24.5173 17.0112 9.26914 28.0144 15.3323 14.2381 25.2579 19.1575 18.1463 23.6555 8.09928 29.6492 13.6965 10.87 23.6725 8.28165 25.0278 8.553 14.6099 6.68047 7.75592 10.2856 27.8938 21.2921 29.0522 6.61779 29.0349 23.1946 22.5702 10.0611 21.0505 13.4512 20.531 17.7323 16.4625 19.7251 18.1876 10.3689 16.5327 27.8739 23.8862 20.4326
4
9.70203 35.2096 37.6001 39.6536 39.6709 37.038 16.7812 15.1143 13.3286 38.1407 23.5612 29.7698 12.1537 38.8743 34.8465 23.131 17.2348 37.9653 11.0747 28.2421 25.7577 34.8649 35.8825 20.2325 22.1361 21.2785 15.9793 36.6041 32.9085 32.9932 38.3508 36.3812 22.5294 21.1302 25.9169 29.2452 35.1765 13.9445 28.7708 21.7823 35.7016 24.3002 32.1223 39.9663 30.8485 29.9429 26.0717 15.0027 35.8636 9.69732 34.3385 31.6605 35.6241 26.713 31.0702 38.2134 33.4088 37.884 34.8566 13.119 32.4367 12.5673 37.0732 23.5582 27.2973 23.7254 37.681 34.9615 26.4 14.6175 21.6051 10.6464 38.5644 8.16434 36.8194 16.6916 28.8794 30.1121 31.2605 23.1716 16.9544 17.1201 9.6975 28.8784 18.6879 20.8974 23.6814 24.6542 20.6793 35.5131 27.6996 22.4609 24.4076 31.0055 26.6605 33.31 13.3031 16.4147 19.8333 13.1798
1
2.58484 7.51124 8.56054 5.84748 3.59187 9.69295 9.68355 5.17657 4.94825 4.95794 2.17236 3.95678 7.55609 9.97892 4.20701 9.49384 5.63071 5.10816 6.37584 6.81814 8.15516 9.91363 4.17816 4.44479 6.09496 6.45202 8.86514 3.69861 9.02936 8.43474 5.2755 2.76028 4.85539 8.44333 3.32195 4.59 2.22086 9.35041 3.78482 7.88477 5.34261 4.10239 5.06905 2.22569 4.86634 2.02031 3.58085 6.57134 6.42411 9.77498 6.38014 8.25375 8.54589 5.19269 4.76524 5.6329 3.58134 8.04771 3.44586 7.56628 5.28812 9.99787 9.96074 4.84963 4.74293 7.81949 2.99617 2.78501 6.23156 2.09783 4.26164 6.03275 8.77419 9.52935 4.57887 8.90313 8.94225 2.99213 8.84045 6.24445 6.62289 7.54047 2.49441 2.08339 5.38764 6.48013 4.21085 3.17414 9.12119 9.68043 3.38699 2.61246 2.56673 6.27931 7.14685 8.6709 9.444 5.9378 7.49183 8.01151
3
22.4691 16.7711 16.1276 13.2182 21.8043 8.0426 15.4816 23.2543 10.6166 18.252 6.21747 17.9133 18.3197 15.588 23.9329 28.0422 7.67826 29.9313 15.2343 10.6482 24.3569 12.42 23.6388 21.2973 21.3224 16.2055 23.3755 15.4996 25.693 11.4896 23.6804 11.1731 25.6278 21.9396 16.1791 6.2817 16.8505 27.5722 15.9503 11.7402 6.40125 21.2024 20.8642 13.6795 17.2106 11.5497 7.79006 21.1673 23.0881 12.0955 18.2654 25.4763 13.7214 12.7862 8.22178 14.9951 11.2771 9.67527 6.36072 27.8747 10.1995 29.5974 27.7726 14.5042 9.79885 20.97 11.3937 7.91104 27.2249 15.8141 7.89369 26.1767 8.4176 14.0896 10.5887 24.9647 16.6302 7.43858 27.9725 8.2519 28.1175 13.4293 18.4604 27.3596 14.5835 21.3961 9.93906 20.3751 13.9821 20.9678 12.7167 26.0607 17.2646 26.379 12.466 16.3409 8.66773 15.6579 23.7558 13.4639
2
13.235 12.0376 14.7491 6.98581 14.9294 10.2915 19.2303 6.91423 11.3995 12.9161 4.21713 16.3153 10.8943 12.4058 17.0428 13.3678 12.583 4.69984 16.9071 8.20609 7.07164 4.97294 9.74262 7.97596 15.0727 4.65844 6.64114 7.0273 4.04106 18.5148 7.65196 17.0575 6.58779 6.54838 8.76468 12.0176 16.4852 19.6059 17.8892 18.5929 10.0748 9.44763 5.64516 11.0726 12.8914 12.1145 8.7736 9.41806 7.31556 9.40258 15.983 15.3451 9.06625 9.25518 6.04267 17.2307 4.34774 9.88754 15.9352 10.6577 19.4616 12.4548 8.88185 17.4094 6.69754 11.0767 4.05135 9.72755 18.3144 5.03102 5.7669 18.6447 8.42526 17.9286 10.022 5.20456 14.5978 16.6825 18.1186 5.38301 18.9831 11.0832 7.2399 7.52098 8.78562 10.7927 19.7701 17.0832 7.88575 16.571 9.17356 15.5542 15.429 18.545 12.2466 4.28496 15.193 10.3355 5.55311 8.1018
2
12.6202 15.6272 12.4877 4.34536 10.9931 13.609 7.70318 14.3696 9.79232 10.5329 8.06203 17.1874 14.61 17.2001 14.373 15.0389 11.1568 19.3165 9.65776 6.69261 16.371 9.41445 4.17075 10.911 19.7396 8.5028 19.9124 9.42508 18.394 10.0059 12.1976 15.9795 17.5426 6.55624 17.8429 18.0123 15.8027 8.20109 7.534 5.53016 14.994 12.5877 11.9364 17.7431 17.9574 19.6877 7.11173 14.0201 13.9598 11.6246 8.8026 19.7285 19.2486 14.1662 13.1475 9.5198 4.31864 8.44387 17.3895 18.6245 7.45272 9.46329 6.13984 16.7174 18.0995 7.96629 16.7608 10.9181 17.6509 4.20855 17.428 16.4858 9.18089 14.2146 7.4367 17.7752 15.7096 13.0728 17.3136 14.0117 14.5532 7.83307 10.2964 8.45151 19.3244 4.56952 10.7447 11.4878 13.1436 6.17046 5.04355 4.26533 16.6257 5.41878 12.5626 5.36699 18.2028 5.92465 8.23406 19.1334
4
38.0053 13.1904 29.5955 11.2701 31.3391 11.5855 35.8564 12.1677 34.8962 24.8578 9.04382 9.46571 38.6128 10.6032 37.8657 37.2897 11.8659 21.0867 17.4185 29.1706 32.7147 18.4128 24.4498 27.1891 30.3412 21.2998 9.13121 39.0356 29.3113 26.0821 31.9657 29.6115 32.2844 16.5664 10.4546 29.7965 29.7944 33.3664 28.1495 33.007 25.729 25.3411 26.7144 30.1699 39.13 13.761 13.6213 29.7385 18.9417 19.8287 38.1071 13.3733 32.3315 14.1773 28.0145 9.91472 39.2076 26.9729 36.1423 30.2711 13.5588 21.2451 12.7315 29.8482 28.2421 36.0712 20.7099 9.14463 23.8417 26.2391 26.3228 19.1381 14.2264 17.0135 37.7725 38.0881 17.4282 16.6306 28.4927 14.3787 32.4691 33.1466 17.683 26.0286 38.759 38.2644 16.7283 35.4916 34.6923 16.7638 38.1269 38.3723 12.0653 24.1606 19.5551 36.6845 26.9423 23.2187 35.6896 11.2741
5
36.4472 11.0951 45.2562 28.3274 42.6152 45.7619 32.7985 16.3574 10.8067 40.9737 16.8711 16.218 15.9735 47.6059 39.0822 25.851 45.3449 32.2598 48.2643 28.6247 33.9275 37.6703 45.6428 12.0236 36.8816 22.8417 23.2097 33.6451 13.9315 40.5694 15.4602 37.1601 30.9664 20.0028 34.646 10.8918 13.9865 31.9056 29.7036 11.6723 40.5522 44.271 19.0136 26.6298 43.8917 25.946 37.1458 15.5649 14.8238 25.9233 25.7484 46.5712 36.6516 25.9553 48.7356 47.5573 18.1841 14.1474 21.9314 26.3253 40.0404 17.1862 37.325 21.8629 39.3957 38.8595 12.0942 19.5054 48.3214 22.5242 42.5534 32.6233 10.8792 45.1777 13.1816 43.4919 14.1232 40.7902 20.8879 25.9997 18.1672 40.5527 24.6697 42.8511 20.4727 47.6985 20.82 19.9201 39.5151 34.5536 13.8409 10.411 32.9831 39.4715 23.2181 11.4828 35.6681 31.311 16.2144 45.9929
5
43.6517 33.0514 21.0673 47.4253 21.5964 40.5604 24.5376 44.5819 12.6249 11.9355 43.888 38.4336 16.866 25.6273 11.4003 16.0725 43.9853 44.9463 29.6662 17.5974 11.7308 45.0003 25.9485 47.7159 27.8692 33.8423 49.7009 27.5728 47.545 12.3626 30.2737 16.3365 28.0927 47.4533 21.8408 22.0759 33.3346 42.979 12.5757 11.4572 29.3939 43.0832 25.1098 17.7931 44.0557 32.3635 45.3038 16.9756 11.7066 47.444 46.3632 10.8225 35.8836 24.4796 25.329 47.3711 11.4653 17.1205 18.9757 37.6472 38.5336 29.4702 36.1468 38.4439 29.9413 38.567 13.5601 40.6391 44.6125 30.9203 32.1126 32.5841 48.6103 47.6346 40.7181 38.0944 16.0018 42.6496 24.7069 38.5733 11.551 48.6304 45.8209 18.8006 27.2722 35.0374 30.8328 25.9166 34.8747 12.9073 35.823 21.1337 46.129 30.8779 43.1442 33.706 23.1872 36.9852 38.1052 16.6881
2
15.4132 10.0164 14.48 10.0833 17.4711 16.9579 6.70844 13.2041 4.07643 14.0557 15.3218 19.1003 17.3101 13.081 6.90817 5.24112 12.8009 7.53061 10.6929 7.37996 5.98481 6.64093 4.15477 10.6823 17.718 4.52009 11.7752 14.2527 15.8038 17.9609 7.4846 4.62438 4.99829 10.4969 15.3669 9.7722 6.05474 4.26398 7.18553 9.21363 4.37168 13.2304 15.2934 7.7584 16.8053 11.3571 19.4888 8.47036 13.2097 9.25179 18.3804 8.40374 9.2672 12.8779 11.8235 16.6762 11.1708 9.88222 8.9896 18.4415 8.72236 5.10337 4.63324 4.32387 9.40761 18.8228 14.1166 12.8769 14.0117 13.322 5.75591 9.62924 14.3371 5.30765 5.05175 6.28015 17.5864 17.7674 9.36526 11.6062 9.97308 8.81908 11.6034 17.643 16.1217 15.1151 19.4754 4.70378 14.8213 15.3656 8.88322 16.7969 19.6931 15.5416 10.0078 11.0058 13.3367 13.322 16.6547 4.39359
3
20.0237 6.32861 20.1731 22.9014 6.51777 18.7564 26.9599 9.41637 24.2216 10.5022 29.5774 11.845 15.2129 24.012 7.62672 20.5663 8.23651 17.9982 14.8402 9.63148 12.8276 15.9282 8.02838 19.4787 19.8248 10.5839 19.6514 26.7034 14.2422 6.15868 18.9837 21.3503 8.4688 9.36255 12.8414 22.1983 13.7653 27.0031 6.83899 6.50461 18.0245 13.5111 6.14706 24.6792 19.7671 29.8799 24.7174 8.35635 6.33904 17.4871 29.9453 10.3334 10.2806 12.2674 19.7378 12.8449 23.836 22.7047 26.9562 6.64051 13.5713 25.1136 20.202 17.3364 19.0701 7.67803 11.9146 25.5084 13.6762 24.7151 18.7505 20.9946 27.2503 12.6351 29.2107 29.8788 28.9117 13.0641 19.4876 6.62024 9.73166 14.5992 16.4985 17.8013 15.3492 22.6649 21.0746 21.9598 28.4761 12.9393 18.2747 19.9759 15.2611 29.8187 19.7923 12.4821 23.482 25.3897 17.4245 22.7646
2
9.01406 6.12783 11.6636 9.42011 18.8945 19.1847 13.205 14.6039 10.3999 16.9368 12.8297 9.877 11.4835 6.23244 12.3736 17.9341 19.9172 17.8987 11.782 18.2842 9.93265 18.1937 7.37704 10.8983 13.3795 14.1657 7.67218 13.2959 18.4622 8.98246 19.7973 17.1323 9.11883 11.2925 11.5965 14.3497 8.10388 18.6811 18.4616 14.954 6.83756 11.2838 7.96298 14.48 5.08436 11.6193 15.3414 17.2081 19.5231 14.7046 10.9219 17.1935 4.27099 12.5151 4.51393 19.1726 14.4247 4.85183 15.8584 9.40686 19.6801 4.67832 8.18592 14.5282 11.0935 17.9898 13.9474 6.44754 8.04782 14.2769 13.7801 7.38975 8.4841 19.6472 13.7716 17.1166 9.46335 4.66546 18.0841 12.4008 5.11918 10.9772 14.0016 16.8141 17.0648 4.77631 10.462 18.8902 8.3168 5.17986 15.1383 16.7274 15.7975 15.5732 15.1282 7.09121 8.47976 9.98661 14.3185 13.0813
1
5.90964 3.51297 3.80766 9.12229 2.3934 8.26226 5.70559 3.79704 3.86216 8.62981 7.59934 7.96095 4.87974 9.25662 3.31491 5.25504 5.12428 2.93932 7.57883 6.25761 3.3548 6.47236 7.94877 7.37254 5.2825 5.18396 9.85212 6.86447 2.25309 5.57225 8.63868 2.44736 7.64647 5.44765 4.5538 8.83239 7.89984 4.98792 2.53816 7.64166 7.06073 8.11205 4.76043 8.09381 9.77592 5.57923 5.78918 6.86793 5.62277 5.21914 2.31009 5.55184 3.68898 8.69995 7.2949 6.08122 8.30724 4.23999 4.52823 2.5756 4.85083 6.66971 5.39857 5.97764 2.49653 2.24983 3.85971 3.90185 6.8611 9.65217 3.46877 8.09908 5.41749 6.50933 4.4072 7.94288 2.59713 8.93941 8.39088 2.34421 7.48446 9.45216 5.3757 4.50055 7.01008 8.64264 3.96474 3.88573 7.54856 2.0788 9.42339 7.88673 5.82739 9.78911 7.20863 7.4938 8.05316 5.75656 3.91871 9.44986
1
5.40018 8.34516 7.40794 5.19899 5.74526 3.81065 6.12546 2.12632 3.00335 3.29701 7.55327 6.3283 5.95301 9.86805 7.09295 2.69297 3.27509 3.0251 6.16215 7.6295 5.18178 4.71516 6.78682 7.98083 2.41731 6.71841 4.70565 6.7064 9.41145 6.6964 4.76793 7.61609 8.36711 2.18207 4.40622 5.43669 5.06328 9.79297 4.96484 9.49215 9.15449 2.94886 8.66569 3.27884 9.74821 7.37496 8.99244 8.21708 3.04124 3.67206 8.27448 5.8602 2.79644 8.23485 2.2518 2.84236 6.44111 9.79954 9.40208 4.84641 3.56814 8.90221 8.81127 3.87295 3.62125 9.52904 4.36881 5.09204 5.54557 6.23964 3.06886 9.55851 2.18483 4.0448 9.19874 7.07246 2.20632 6.31994 2.19579 3.46591 6.335 4.03532 3.95397 4.597 4.67788 9.58458 7.36139 9.33299 7.92003 4.49249 3.85009 9.80327 7.17341 8.28343 5.7392 7.20359 7.25975 5.79184 9.1529 5.43289
5
30.9899 11.6749 47.6645 42.0114 11.3488 19.7581 10.5389 23.7978 16.2143 18.0398 12.1835 40.0568 15.7732 49.526 15.7998 43.9804 37.4596 20.1971 32.7166 16.6185 49.9648 15.5253 38.1844 33.2461 48.51 42.5133 30.0712 13.1424 37.1622 45.5332 31.2438 26.0612 13.9744 14.2488 46.413 38.6747 34.7325 11.9014 34.2266 34.2713 41.089 42.2401 45.3894 48.9895 28.865 43.3791 47.5927 37.8686 22.3021 26.8624 48.0341 13.9973 10.0457 30.2166 14.3084 34.0416 48.6393 41.2745 24.4526 13.4342 29.3138 22.5499 46.923 44.5048 13.8501 13.9443 41.2897 20.8337 15.2988 22.0679 40.4261 21.1105 29.3361 14.4555 44.9774 35.7778 12.0392 26.9587 10.887 29.7418 29.8603 42.5958 20.7645 24.4315 17.5824 30.1396 19.8744 12.4866 30.0371 20.7265 27.5278 48.3568 43.3656 30.766 24.6583 28.0926 11.6046 49.4329 48.3634 41.609
2
13.6949 7.9325 12.2583 11.2462 10.4567 9.01041 11.9063 10.9131 8.7356 6.13944 11.5644 9.48886 17.688 5.07463 7.78872 18.6233 19.0108 5.15508 4.25034 7.09271 10.0284 14.6118 4.3306 17.3114 5.31161 18.0485 9.77979 6.04728 12.8916 17.1575 11.5018 12.4041 5.13112 13.7339 10.5275 12.1327 4.31522 16.0497 15.2384 5.33392 7.02437 9.65094 12.9049 8.61554 19.3522 13.6402 13.5992 10.766 15.0306 11.5071 12.5479 19.007 16.5244 13.5686 8.98491 6.88779 7.1583 16.0831 15.5677 10.8837 10.3386 10.0988 12.4202 18.7611 19.9323 5.1007 11.8635 16.7713 13.8653 4.51768 19.8978 6.73665 15.0038 18.1524 4.49804 16.0899 7.3795 8.59677 16.7851 15.931 15.8227 8.69473 7.13565 18.1624 5.06475 11.1161 18.2933 18.7663 10.3727 19.1028 17.5427 18.2856 19.7789 11.4506 10.0098 18.5721 11.968 10.7885 7.15075 10.8631
1
9.35612 4.75828 4.454 6.67452 4.50647 9.18323 7.2509 3.44816 6.73322 6.32383 3.1136 3.24197 5.4021 6.77276 9.983 7.61407 2.38805 9.98832 5.63033 9.90341 5.51208 4.46042 5.67144 9.36767 6.73447 2.04698 4.79052 3.19475 4.51058 8.38701 5.57956 7.29397 3.71552 9.29655 9.39976 6.77337 8.54391 7.05385 5.67121 3.00922 9.79099 6.47987 5.99698 6.2142 9.9213 4.72052 3.528 8.41019 3.33124 8.63673 3.97485 5.71221 7.21173 9.70876 4.67281 4.82965 8.4172 8.36089 8.10638 6.69097 5.74717 5.61273 6.29949 2.09821 9.0467 9.9635 2.47775 8.31758 2.53195 5.41542 2.40885 9.51227 9.74702 4.54259 5.82747 9.92382 7.55849 8.51139 6.35092 2.7083 6.59369 9.95896 2.29171 3.33351 9.52919 8.63569 6.77342 2.44341 8.63552 3.71823 7.55594 7.09619 9.98459 8.6991 4.97651 5.28204 9.7259 8.75921 2.41273 2.62699
2
4.02686 17.712 6.83346 5.92075 4.34188 13.1948 16.4398 8.27428 8.99579 6.10712 13.5841 11.6916 14.3863 15.3252 19.2034 17.203 6.65272 10.6971 9.2659 17.5411 4.34281 4.53314 5.05896 4.26124 5.46299 11.747 18.6423 18.7927 5.4752 14.2078 6.02885 16.983 16.8024 4.8671 16.6557 8.69787 8.40516 15.2225 11.7073 10.0396 7.99268 17.6811 11.8539 5.74554 5.42923 14.3841 6.9678 11.3303 19.9 4.05705 8.37893 8.53342 9.39817 18.4455 4.23362 11.6349 9.09535 7.90122 14.5181 14.2022 9.15888 15.68 14.3098 17.8291 14.5776 12.5136 9.81815 12.4319 13.5588 15.0189 11.7785 5.66231 17.0593 11.5065 6.76097 11.0016 16.0127 6.75092 14.9564 4.09804 10.815 5.28562 7.00289 4.90999 15.6323 12.7846 16.4146 15.2167 8.09154 11.0934 4.17568 9.06048 6.91796 10.4727 12.0615 17.6811 16.0813 14.6151 9.25037 18.5071
1
6.7639 8.61908 4.46329 4.84544 8.68695 6.19493 3.46413 4.18739 4.29541 5.0275 9.68448 9.54762 7.20214 2.44399 8.36487 6.01476 9.77458 8.39704 6.38002 8.33943 4.3847 7.83537 4.23987 2.48194 4.32539 3.21751 5.33541 8.13109 6.04965 5.32479 9.08532 7.35045 4.38876 2.52996 8.63972 6.50837 6.40571 4.6776 7.79733 4.64783 7.54015 3.73257 9.79227 3.45258 7.70108 7.35283 4.60669 3.96569 2.9635 7.54278 7.46558 9.21675 2.52543 4.54345 3.16994 5.91409 2.58129 8.11574 4.92456 4.35811 2.76814 4.37296 6.31671 9.73213 8.84092 6.31895 7.10194 7.92684 7.23284 4.24808 7.45326 3.0548 3.15741 2.16317 3.32997 9.81101 7.90812 8.36789 9.62231 9.83606 7.01219 2.38958 3.72834 3.23782 6.89454 6.38901 4.21909 8.4282 3.70827 7.21316 5.24841 9.43104 7.9879 5.24724 9.36368 3.81743 4.78161 4.22241 3.37361 2.42477
5
22.6869 14.9052 18.1967 26.3283 42.2444 41.8491 25.0384 13.6438 18.1895 43.8267 10.5499 19.4757 36.863 27.5928 42.5459 27.872 32.3392 41.1867 16.2246 32.9964 12.9235 13.4125 39.4549 39.4513 44.6439 30.0424 15.1369 30.6491 34.394 31.896 28.2912 15.3895 45.3827 49.954 35.5332 32.7983 47.5477 22.6618 44.5893 45.7847 15.588 10.5791 21.5107 23.1728 17.273 33.5321 13.2411 40.663 24.6831 45.4243 23.1948 40.7814 31.0391 11.8622 27.5011 21.9712 25.7762 25.7525 49.572 36.9842 30.5187 46.0261 20.6478 30.7272 48.6115 14.6466 43.9795 37.7207 30.8662 37.0582 10.3013 29.3254 10.1752 41.2297 42.2513 30.8933 47.653 20.4517 15.397 18.999 42.9589 15.0413 13.5196 38.9081 31.4582 38.1128 25.8162 32.4385 40.8784 40.5692 43.6735 36.3711 30.1158 20.471 44.6718 21.5662 42.8496 31.939 41.4732 12.9412
4
38.6085 38.7798 18.0074 16.8123 29.4026 9.62642 22.0996 33.1894 39.529 29.2426 26.4849 37.1407 21.002 10.3497 22.0121 21.5694 8.82253 35.8518 26.3669 31.4953 21.0842 29.897 16.1905 37.9563 20.0099 26.0255 22.9418 20.8106 37.5453 26.0323 36.1282 10.0639 33.1346 19.166 37.5318 35.3481 19.3022 35.2916 18.0536 37.1737 38.6663 17.641 28.8024 25.5844 32.0091 12.7763 38.0527 11.8355 29.0288 31.3908 13.6968 14.7237 13.3979 29.573 18.816 35.1923 37.7536 20.1589 19.9957 28.8357 20.2443 11.7965 12.0104 9.93077 38.2583 25.3489 14.5017 12.6177 22.9585 29.2595 16.2765 26.8564 38.2495 27.506 14.8487 34.7832 31.8008 29.7662 18.8505 25.0935 33.7517 25.4231 16.9371 31.0739 26.723 27.0313 20.8115 21.9105 30.7602 32.8726 9.9927 28.8975 26.8335 22.2238 29.9533 32.1704 22.5194 8.96257 31.2515 37.5907
4
28.5556 35.7981 9.5256 30.5106 19.0239 18.2282 30.5724 36.3213 18.3277 12.6912 36.3288 13.4904 26.1731 16.9897 18.6283 21.367 37.4706 17.4728 33.621 25.9088 22.4308 35.0393 34.7526 10.8334 27.2085 28.7194 24.8553 33.9129 10.2211 9.9622 18.4745 9.53528 29.2652 24.7534 17.5571 30.6593 26.5578 20.6876 19.6263 35.2861 34.8259 8.12085 21.5672 30.5737 35.5696 36.5287 22.1493 15.7193 20.6246 27.1936 34.4098 32.7339 16.1486 23.3481 31.0239 14.2344 28.1557 18.8973 9.78583 33.3788 36.7256 38.8473 22.3262 33.0684 14.0109 32.5633 17.1912 39.5426 13.1688 12.9823 28.4077 17.492 31.3411 18.9068 32.6597 35.8131 29.8086 29.5031 22.2015 13.1312 22.4435 32.1292 16.6315 16.2157 23.5869 36.6191 32.653 12.4131 38.4734 29.1455 38.946 33.2222 31.3316 26.7891 27.2753 18.1374 38.2811 17.9369 18.9601 23.8843
2
13.4855 11.564 9.94372 13.3092 19.7652 15.0305 8.74595 13.4691 10.7344 8.62705 14.4786 10.6241 15.9838 10.1373 13.3603 14.8819 16.7179 9.41453 19.7429 12.8725 4.17038 9.08843 7.44356 5.84794 13.4302 4.88711 14.1432 7.5538 4.99151 14.8853 13.1657 9.1829 14.3396 14.992 14.9492 18.7248 17.8858 9.98987 16.522 14.023 7.56283 9.43884 13.2964 4.85357 18.3946 17.7566 19.492 19.3352 17.3516 7.78801 15.5012 9.98646 13.8049 11.177 16.5104 14.7397 19.892 14.8516 12.6878 16.2266 5.10521 12.937 15.2512 18.6455 9.41684 7.4067 14.7286 17.5255 7.25317 10.7864 13.7233 5.69776 14.6291 12.2214 12.4966 18.7874 7.75652 16.2211 5.6799 19.5386 9.43926 11.393 4.43009 16.2853 15.566 18.4777 6.33895 14.8794 14.0147 18.9991 15.4104 15.3902 16.2808 17.8405 10.4174 12.8863 10.1412 17.0607 19.9515 13.6128
1
7.16777 2.33832 7.84816 7.06392 7.33079 7.65055 7.50486 6.273 8.65644 7.55217 6.04647 3.88774 3.32436 8.06908 6.00806 8.86766 7.2691 7.44733 7.5188 6.81124 6.80003 5.13739 2.74629 6.73733 4.87795 3.50547 2.2633 3.10921 8.0797 7.80309 7.36809 3.63255 5.28198 7.9263 4.38955 3.35857 7.09573 7.49561 3.00855 3.62364 9.08216 7.78801 6.62655 8.35651 7.78184 8.05227 4.81293 4.28455 8.58798 5.73885 7.86207 5.57003 6.49521 6.17551 9.49163 5.40797 2.75514 5.22009 5.71317 7.11658 2.46984 6.42147 7.90635 5.25164 4.15461 8.22017 6.12805 5.27608 2.3012 2.71972 8.68754 4.31595 9.97282 5.56006 6.01907 9.5341 6.46207 2.42429 4.88305 4.65276 5.04318 3.70992 8.92708 9.15633 5.84967 8.89597 7.63811 8.70553 8.90881 4.13705 5.71697 9.2943 8.36404 6.61582 6.90647 5.6806 2.91657 3.18497 4.30445 8.62235
5
44.3365 26.3042 12.0545 17.4282 36.2683 32.3064 39.5315 30.432 45.2767 49.5865 13.5206 41.5756 32.397 48.3967 28.132 49.0473 45.3312 29.5706 34.9602 27.563 49.1535 37.2542 19.9975 12.4022 13.6896 11.6287 41.9852 34.4516 19.5981 16.158 39.2341 25.7883 35.1876 23.8909 41.9459 25.3343 25.9995 17.3503 37.0655 24.1127 29.189 46.539 22.697 39.6368 34.7333 19.5958 39.114 18.9649 45.5009 10.6304 13.3946 19.9495 18.2116 39.2712 24.7139 10.2148 37.3187 46.4541 47.3243 33.3915 43.8449 40.9869 38.255 22.1418 11.2032 41.4176 46.7615 27.505 30.0339 47.7396 32.5579 44.095 14.0885 47.465 49.8614 20.6816 29.1933 30.596 24.281 15.6853 17.3214 38.0269 39.582 27.1193 17.8072 37.9078 21.3574 36.5076 37.7319 34.5004 34.6367 16.3114 13.5144 24.0582 22.4645 20.3956 35.735 22.2617 22.4794 47.0658
4
38.2222 11.8633 21.6369 31.7032 20.9454 28.9027 12.3812 18.5749 25.2654 28.5063 20.9103 39.525 8.09607 39.5445 18.5188 21.1964 36.8914 24.7489 28.6594 32.7896 25.5734 36.9296 39.6453 31.5705 19.2902 29.5547 17.7453 31.3017 21.1293 12.8149 9.79614 12.7225 25.9104 38.3004 12.458 23.2033 38.1846 15.4137 29.2369 24.6984 19.5617 10.6438 8.40009 17.1228 38.4946 24.8267 34.9092 12.2776 39.6424 11.5172 37.4955 17.4496 33.9391 11.5972 8.00271 35.8094 14.4923 31.2453 10.1232 34.7334 31.437 34.3922 30.6507 33.175 34.8696 12.7884 22.3762 19.2087 30.9867 8.80748 15.7516 24.8745 16.5542 38.1109 24.4453 21.4442 28.8312 27.299 21.9157 10.2387 16.0746 17.674 18.1276 20.1171 9.74787 30.2381 17.5357 18.7661 31.5607 19.0542 31.4607 8.9126 8.46352 28.0922 37.9835 12.5849 8.72151 34.6864 14.4812 38.5484
5
49.0017 13.884 15.329 16.1887 36.167 43.9421 23.9842 33.2328 36.9033 19.8267 10.103 33.7796 49.1928 42.1138 10.607 32.3599 46.1326 19.9572 27.007 38.9526 47.5916 38.1331 19.4482 13.6722 23.7141 24.5657 32.9939 38.5783 43.5541 44.116 14.4294 17.3879 12.1186 34.4125 47.8668 23.8712 29.1048 49.5075 27.4328 29.7131 12.6087 47.1399 35.3199 32.6218 41.0889 25.3838 23.4827 15.464 36.8662 44.4666 47.2608 17.2108 24.4396 39.5368 29.2089 46.4722 46.9007 20.1619 41.4151 18.4046 33.7275 22.3398 24.5909 25.7701 43.239 28.8021 32.2105 24.931 32.9911 43.3939 17.984 27.5581 41.3963 35.3078 34.9435 18.8374 33.8478 38.9563 44.4253 32.9528 36.6283 25.2623 23.2269 26.6295 31.8872 10.1492 27.2228 41.5166 16.9646 36.012 39.7184 36.1917 41.3453 31.9506 42.8241 18.5685 44.5234 48.5468 40.1308 39.4881
1
8.72762 5.67397 8.58851 5.13587 7.79696 9.98335 9.37707 8.27846 8.35658 2.82061 4.92488 7.26697 2.046 9.94905 5.38617 2.28046 2.54844 2.90826 9.9895 7.26839 3.62687 2.96338 5.02721 6.38835 3.19957 7.28917 8.39993 3.44433 6.98648 7.42021 3.24761 3.35668 7.25766 3.99849 5.19814 6.69507 6.21496 3.84957 5.765 4.30571 3.53834 3.41863 8.42497 9.06406 5.62792 4.59762 7.90735 3.7842 4.0731 6.97479 5.22584 6.31633 8.88001 2.53779 8.9843 6.86335 7.98844 8.86172 7.48773 6.54808 6.60967 2.81321 2.18971 4.26208 5.91624 2.80188 3.00738 4.82756 6.61515 5.61044 8.03554 3.5035 4.93547 5.83465 8.19075 7.8672 6.56184 7.96435 3.31695 8.10266 6.04501 7.13693 2.28373 8.72693 9.2207 4.59432 5.60856 4.78558 2.16789 5.87494 3.13413 3.54887 4.23811 7.77168 5.29215 2.73944 8.68661 6.08729 8.48485 6.32315
3
17.521 21.7778 20.0683 14.4997 18.8857 19.0761 16.8013 12.6677 9.64855 26.3777 24.0499 11.9646 22.7588 29.0911 16.7804 26.8262 19.9211 11.4229 11.5967 28.4443 13.6591 13.1228 24.6798 18.3842 18.5608 7.27854 15.5197 23.6121 20.4278 11.3797 20.16 8.15068 14.0431 9.86951 11.6704 14.5814 22.2795 16.4036 15.5698 14.6137 15.2661 10.0332 29.9155 9.93796 14.3309 13.533 25.7797 18.5824 23.4397 12.0917 21.8301 19.992 12.849 16.5839 16.7347 10.0483 17.6921 29.6426 25.1093 11.2487 12.2173 14.7503 12.7255 9.26487 18.3961 22.5684 12.6992 9.09722 25.6214 10.7229 14.3782 26.0464 24.2135 27.265 14.646 24.7186 29.453 18.0268 27.3634 17.285 26.859 12.0885 20.6639 10.2127 15.4324 29.5782 21.8235 22.6872 19.5817 22.0211 11.4226 21.9437 18.4507 17.4588 26.5191 10.7281 11.3668 24.5554 10.5521 28.1038
4
32.624 31.0856 8.1171 8.24071 18.2695 19.0907 23.732 32.3346 32.9401 17.4194 20.6911 33.3903 24.6346 24.2652 19.2154 27.2361 34.3908 32.287 39.2245 9.09472 28.2411 31.3625 11.2064 28.0175 30.7794 10.9837 29.2633 30.5232 19.4653 31.4207 25.4542 26.567 38.788 24.7773 32.5628 18.9645 9.41826 19.0646 34.4135 9.39642 27.4705 14.4172 10.8617 18.117 37.0016 28.5767 24.582 30.4942 38.8713 36.768 12.7818 15.5035 23.0881 19.0934 10.9618 9.30266 35.7679 16.5686 39.8522 9.0113 31.8272 8.92685 14.6464 37.8205 36.5393 11.3156 11.659 14.5574 27.0758 27.0105 19.5329 28.8304 9.15952 13.2722 38.1195 30.8785 35.9541 25.4708 20.1587 33.2517 20.315 8.60236 22.8816 9.44582 31.526 25.3236 16.6633 26.6177 15.6484 21.629 21.8483 37.5055 30.6049 31.2952 36.8756 12.6786 15.1264 32.2182 28.8271 14.2433
2
5.80072 15.6495 7.96888 7.39119 8.78114 12.4931 11.6272 7.5632 13.5983 11.4904 5.41992 4.93014 10.5978 8.61646 13.4581 4.90659 15.8424 12.2968 14.7959 18.4734 8.66574 11.7925 16.6035 7.90947 16.5446 11.6069 5.31589 11.7003 5.60022 11.2242 4.06536 17.9356 7.04197 5.49405 4.71453 7.50923 17.8665 4.97462 10.7995 16.4325 18.1239 15.5453 15.6971 6.57511 19.0635 16.6029 16.3278 10.1447 12.4725 13.1533 6.70778 9.21868 15.5196 17.1113 11.662 7.63976 9.41507 9.12042 17.0104 4.58878 6.20193 16.2061 8.54095 15.1465 17.9887 12.5747 16.0811 15.157 10.9371 10.8698 14.9798 11.7059 10.3179 11.1995 5.31426 12.5247 14.9452 7.24664 17.1317 7.63473 7.30464 12.7745 18.0405 16.5428 13.6856 11.8403 7.4622 18.3011 12.6307 12.0298 9.85708 17.7438 6.016 16.0243 19.2361 9.21292 11.0726 18.813 15.2711 19.0863
2
6.96998 10.1926 5.76912 16.2304 6.20553 7.81309 14.2309 19.2011 15.2637 12.7144 17.414 11.6589 11.6096 6.79621 11.7278 4.65767 16.3479 18.7626 12.7609 6.07159 15.3813 16.7674 10.7296 19.7247 17.6631 12.7936 16.5512 14.2872 14.6078 7.83202 12.6064 5.00096 8.72099 18.9194 10.2523 11.2962 11.511 17.0995 4.1494 9.36268 10.7461 9.36975 17.464 18.7375 7.11878 5.67564 4.00945 17.9718 16.379 16.0155 17.3881 12.4388 17.0008 18.718 5.19709 5.34672 19.4425 4.95524 14.3598 11.0177 5.06522 16.5535 13.6458 13.4957 14.7702 18.1643 15.4421 17.5469 15.419 8.85855 14.8373 7.11273 8.09785 14.2059 4.08256 14.2811 14.2899 19.9019 4.48987 9.83546 12.0166 8.00555 13.8325 18.4463 10.0117 4.8497 11.3083 17.5664 19.9896 5.68692 6.12885 15.0924 11.0712 13.1331 7.79746 16.8561 14.4299 14.4712 8.13805 15.007
2
16.3571 17.1804 16.9534 7.13993 18.3283 14.3201 8.12591 7.28391 19.5628 11.245 16.262 18.1789 6.34245 13.6331 12.6381 13.3973 12.1223 6.65 10.3178 16.1516 19.6754 6.50365 16.6068 18.4508 16.0617 8.65395 17.2399 14.3148 19.2357 8.48725 13.1114 12.8625 11.1033 18.2695 6.36265 13.0833 19.8423 8.19003 12.6376 6.10635 6.29719 7.30897 4.32056 10.7788 13.2624 12.2201 13.5678 8.36686 16.465 11.2423 19.945 14.1906 8.06106 19.9518 19.4846 16.0066 15.4562 11.8675 19.9738 8.94944 18.2644 16.1025 15.2866 8.8459 18.2169 17.7934 11.5731 9.71328 8.83408 5.12125 6.11638 15.2551 11.6716 14.735 15.6721 6.16602 13.9554 15.3912 15.1012 13.0593 14.4163 17.6218 19.1096 4.82843 4.13718 17.2432 15.9064 10.2559 17.2256 8.51778 9.59384 14.6817 6.12425 18.7825 16.1011 9.54395 4.37109 8.35444 5.47439 16.6036
3
22.56 7.8861 23.7263 26.5431 14.9906 13.7331 6.53534 23.0317 16.6673 29.1371 17.811 14.0857 27.6826 8.32807 26.091 27.3777 20.0273 13.3272 16.6598 17.8628 7.56818 13.4971 22.0058 12.57 16.1955 25.1607 29.6199 21.3837 17.9835 8.63103 25.9793 22.1584 19.2084 25.9968 9.55948 22.511 18.0658 17.0071 27.7197 14.6336 9.93423 20.3988 10.3039 29.4716 8.02531 18.0107 18.8021 22.6097 29.2669 25.0277 23.9158 26.2108 25.2614 23.6999 10.3704 23.3502 8.1638 15.8788 13.8191 15.0902 27.3225 19.7153 12.6826 12.6376 18.5275 9.86319 11.7662 28.9293 9.70906 22.5319 12.5007 29.9876 20.9309 28.7317 26.6492 28.3915 10.5213 25.0561 8.32364 27.2058 9.18661 29.3437 17.1555 8.71275 13.9499 10.5654 19.464 24.2894 11.7596 28.2786 12.2658 15.7751 28.6107 22.993 8.9691 12.6718 10.0237 24.7922 7.59731 11.5229
2
4.75649 7.96545 10.8116 13.0566 18.962 12.3865 13.7727 6.43316 14.3316 17.2191 12.0992 14.3835 10.8503 9.94752 10.6791 16.0958 5.36884 10.8753 4.25009 5.78992 18.0068 12.8483 6.71132 14.7005 9.70109 6.07585 4.73727 5.8148 6.21262 4.36327 5.00546 15.6779 15.9036 9.0681 12.3511 9.57805 4.59777 11.0923 4.16096 8.42374 18.8358 7.22314 18.319 9.62657 8.8393 11.1353 12.0161 12.3008 10.4949 11.3663 16.7373 13.093 5.67148 8.5787 14.7367 18.9542 16.1828 12.4202 6.31617 15.1668 14.7085 10.2952 5.21657 6.93881 7.98501 4.36028 7.43672 16.8781 11.5799 9.0552 14.7913 4.65908 7.56182 17.4831 6.52041 15.1939 12.378 12.9513 12.2638 17.6215 18.2527 9.98645 11.7114 5.42646 7.41848 17.135 14.2431 19.9997 18.4928 9.863 19.871 19.9549 8.31292 5.86632 14.7948 18.5116 8.54143 19.1054 14.8849 19.2586
5
32.5279 20.1792 19.7653 15.2589 27.2971 31.0023 15.7715 26.0658 31.2714 38.1325 33.6153 27.5137 46.4359 33.442 45.5616 15.3812 49.1397 34.2183 41.103 11.9904 48.9983 33.8393 27.8559 22.176 13.6965 20.5755 23.4343 33.7106 32.3482 19.6766 15.96 22.3409 20.0698 43.8977 40.8636 11.5925 36.4235 47.6212 11.6332 47.4992 20.3861 29.7321 32.1679 38.4123 34.4997 40.4011 48.3903 20.0473 40.8618 16.9331 26.7769 15.9232 41.6087 23.8373 17.4599 33.3513 26.5506 42.2734 29.5591 25.1297 20.614 24.0332 16.3987 17.0994 13.7466 15.2105 38.2649 11.7186 45.9429 44.7188 40.3627 47.8113 10.0447 42.81 13.625 46.6463 24.9744 24.7527 36.0338 44.5033 42.0562 24.8249 22.1059 21.8819 37.0827 35.7787 18.2032 29.51 30.7814 18.9312 11.3208 41.3073 30.3388 20.0402 29.011 14.4617 34.638 36.1196 38.098 46.7726
2
12.4052 7.40097 18.6524 5.39148 5.89504 19.7268 8.72956 8.83408 17.0173 14.0778 7.0015 4.52012 17.2188 9.68803 18.4295 6.4848 4.24492 9.08958 5.08354 15.8897 18.5403 15.1944 18.206 13.6816 10.4288 4.23305 18.4604 13.0143 13.8842 11.3625 10.1768 18.2449 14.7036 9.75508 15.4072 13.3188 8.89696 19.9814 9.60226 10.3542 15.1055 10.5 8.72356 17.2394 16.86 18.0655 5.60215 11.0552 6.49297 8.86884 17.357 8.13555 18.5168 13.2206 13.6857 5.5778 12.2795 14.5915 11.8391 5.01577 11.7122 5.82175 4.09382 13.4682 17.979 5.31121 11.5338 16.0747 14.8437 6.00439 17.9539 15.5322 6.56382 9.98125 5.69855 13.0436 16.126 17.4672 15.247 17.5919 7.63494 19.0747 10.3581 14.3524 4.66735 12.0882 6.58779 19.0543 8.40514 17.6063 12.9902 13.1056 11.3588 15.3525 12.8168 6.29293 6.49425 4.96703 5.0242 13.8692
1
8.99975 7.64584 4.29297 8.31415 6.41643 2.50579 7.9897 5.79645 2.07272 5.62572 4.02348 2.30249 5.02558 2.6802 8.92853 7.96151 5.2388 6.41155 2.54522 5.32991 8.35737 6.45129 5.28106 9.01555 3.65034 7.06768 3.18066 4.11902 2.90327 3.12096 3.58609 6.77301 2.04178 2.50718 2.16885 4.06105 7.2672 5.37219 4.11457 4.59695 5.48574 4.37683 4.24189 9.04611 8.81232 8.29465 8.83664 7.86997 8.93039 5.2234 7.98258 3.57484 7.08894 7.69157 9.16997 8.74642 7.51801 3.94115 4.9633 5.15116 8.04381 9.66792 5.50924 3.18583 7.68489 8.50058 4.66624 6.95639 5.01053 3.49976 6.53697 4.26763 3.04243 3.95846 9.18477 6.80457 6.48134 5.78487 4.31554 7.7871 7.03945 9.74908 5.70611 6.37899 2.66009 3.87468 9.16051 2.13253 2.40585 6.25675 4.77527 8.75007 2.79643 2.58733 4.29512 2.44371 3.37742 6.66959 8.3402 2.17439
5
10.5676 49.3559 23.8642 10.8882 32.5633 42.5312 17.8344 33.8126 40.7909 31.8105 19.6145 16.275 26.0355 35.1105 33.3819 12.371 19.8557 40.4955 48.3902 34.3271 48.3876 16.532 34.8305 22.3541 16.708 16.2109 29.3913 23.4576 14.5376 17.7165 26.3004 47.4871 24.0655 35.3266 39.6285 38.7059 20.6776 43.7219 32.636 11.1614 27.3679 28.9878 19.9451 46.1382 13.616 49.5897 18.3176 19.9758 19.5106 40.6017 11.8197 20.5295 15.9008 24.4721 27.1556 20.5594 21.3575 41.605 24.9505 26.3263 46.7238 44.0402 42.765 49.6754 48.0374 45.5131 35.6211 21.8916 38.6066 31.1741 29.8219 17.6053 41.0194 20.2507 15.8466 47.0303 49.868 44.9332 16.1003 44.8163 25.9709 18.7631 13.3022 13.7958 32.8716 37.8091 35.2911 11.9079 36.3969 27.9088 22.032 40.5786 18.0557 21.2587 30.602 22.8411 23.0594 35.6342 23.9398 29.4753
5
21.2459 12.7118 10.7467 10.718 46.4243 27.3181 31.6215 29.1427 30.6311 46.5268 30.1326 37.3537 41.6259 38.5232 25.4697 49.2639 24.6688 43.6732 25.3467 24.2833 10.8762 24.1155 47.9322 41.599 35.2666 10.8943 39.7992 29.5756 19.6522 26.2907 30.0487 12.9309 45.5337 29.0074 30.7636 10.3443 12.1528 19.8641 43.9498 45.153 44.8605 15.6593 25.12 21.793 28.9563 48.8545 23.6776 30.6412 14.1543 40.7378 10.2548 13.9147 44.8342 45.7227 31.1641 15.2828 21.2308 14.4386 20.1166 45.8495 46.721 33.2683 47.3652 49.1611 46.3624 47.9902 36.4283 17.8966 11.8407 49.1807 28.5505 44.8962 37.9826 27.033 45.0557 21.1841 45.9889 13.2483 47.7505 23.6429 18.5463 17.6566 27.532 44.9943 21.9718 37.2224 21.3588 48.7439 20.5472 45.0917 27.7386 21.7452 18.2009 37.3378 40.8915 27.0396 32.6904 25.0595 33.7425 29.6287
4
11.0278 17.0046 31.9958 16.4934 25.0543 19.061 36.1432 36.8263 36.1568 31.0321 12.6348 22.1485 31.7197 38.8317 36.7836 11.2181 31.5335 29.9418 29.8119 25.17 29.7134 21.8561 22.0475 18.3164 16.5801 23.1443 39.8962 14.3794 26.1294 10.7589 30.2137 19.7797 34.714 15.2123 19.7043 17.6074 24.5635 29.2475 10.9683 33.899 21.7671 39.6278 20.8262 19.8467 22.3446 9.67127 34.5424 37.5636 16.0297 32.1538 9.57482 29.031 37.3915 16.2063 38.4747 23.8521 21.9192 39.8317 20.5617 17.4377 20.694 11.6649 23.9996 39.248 23.2745 13.6033 31.8971 10.7166 22.4195 15.93 14.0593 24.4807 34.2745 32.5577 26.0147 20.5432 19.6446 32.0151 12.942 18.9913 11.9823 15.8038 28.1228 28.8968 29.7112 11.7484 15.5444 9.02311 30.5141 25.9667 10.2784 39.9639 13.2081 37.0828 18.2593 11.338 28.8331 28.3104 29.0883 23.6667
4
18.2212 39.0316 9.88299 33.2246 28.2478 21.0407 30.7971 18.4623 18.819 15.8619 34.152 35.9701 26.2847 30.0812 19.2726 33.4768 9.21626 26.8236 33.3243 33.0877 30.8676 23.2849 16.6109 17.1701 28.591 18.7505 38.39 33.286 27.3342 36.2246 24.3318 37.2994 30.3412 24.7964 36.7447 25.7828 12.1841 17.8676 32.6937 24.8465 31.2498 22.3656 17.1364 22.5177 38.8064 18.0689 12.2018 35.7925 25.775 38.1683 39.7363 31.4881 36.332 22.1893 34.2424 36.0171 33.4652 36.4015 27.3354 9.21204 25.6116 24.8385 24.8416 25.323 39.4989 22.0547 29.6656 32.3145 12.3179 38.7433 31.5489 36.5855 36.3497 23.3405 16.8463 32.2394 21.1731 22.741 27.4459 26.0266 22.5768 33.2502 17.9552 37.0868 31.3019 32.8973 36.2808 22.6147 38.7394 22.2346 12.7251 8.57456 20.7083 36.7492 18.7261 8.58883 32.4373 38.0095 8.36456 26.1253
5
30.424 20.7725 49.233 11.6667 38.8366 24.7495 31.2957 22.8987 40.5245 23.8512 46.3713 21.504 47.3846 10.9371 13.324 22.2233 33.049 30.7856 24.2351 41.0051 48.44 14.9836 38.3625 39.8033 33.7043 34.3275 37.8705 30.5276 29.8083 24.518 13.6106 18.9279 23.0749 10.9296 39.2345 39.1943 25.9435 28.2359 21.9218 20.0533 47.2346 20.6728 48.0014 33.1422 15.2 18.7187 11.7509 44.442 46.6395 17.9761 25.6513 19.5516 25.3665 36.033 40.3829 43.5826 23.3021 33.0869 32.8391 46.4573 27.4806 32.1121 10.443 14.3912 46.2464 24.3522 10.0454 18.34 37.9244 15.9179 39.6877 40.1941 35.2445 21.2724 41.5085 27.5002 48.8021 19.385 44.0776 17.4921 22.8348 18.3349 42.4371 21.2124 46.5982 24.1452 34.1309 48.5051 34.6204 39.6299 49.505 24.6611 19.1173 29.0338 24.5585 39.4987 47.8501 34.2471 14.627 19.6577
4
35.9374 36.0243 24.9066 33.1545 32.4535 30.966 16.6523 16.8171 14.2856 8.935 28.8227 33.4165 16.4537 16.2809 38.1821 23.7178 20.505 30.702 22.7475 10.1792 37.6443 12.0596 33.2944 11.2831 35.1475 39.2572 34.2089 8.99417 8.18367 21.3089 11.8109 37.4695 27.1699 14.7221 24.2722 21.1454 34.7844 11.3196 35.256 22.3262 38.763 20.6268 21.4015 30.4002 10.6042 30.9476 19.7795 32.8078 24.306 17.2553 13.4442 27.8855 25.263 12.0222 9.20436 31.7134 35.4449 39.1148 29.7419 11.0884 8.98432 38.8774 38.1995 34.7498 32.2973 16.5308 13.3655 14.9822 34.862 14.01 17.578 19.7198 8.78109 25.3666 11.4758 31.2779 15.2516 15.861 9.71952 19.8362 32.0688 20.8681 27.8085 23.7995 24.2873 20.7234 14.1185 33.1597 20.1665 31.6333 33.2848 23.9853 14.5232 28.7743 15.0567 20.1626 9.61801 29.7075 22.7467 34.5139
1
2.98312 8.25671 2.51397 9.22892 5.7549 6.29473 6.60668 8.39404 9.76137 9.04276 9.31826 7.2601 8.44237 8.38306 3.46735 4.25147 7.82088 8.84903 2.37718 5.33703 9.31822 7.51903 8.31111 9.12648 2.78648 3.91668 8.32853 4.4261 2.6645 3.3237 3.46751 4.66025 2.16364 2.91157 7.16025 9.56477 2.38959 8.09836 6.78778 2.55873 3.30644 8.53683 4.28002 6.20057 5.44933 5.14017 5.66751 4.13492 9.29185 5.55162 7.49107 3.93653 9.17446 3.46409 5.9756 5.25729 4.70026 7.19623 8.87429 7.68279 6.50422 8.93104 7.8895 2.70457 7.30225 4.02334 7.57654 8.21441 3.12626 3.78235 8.63663 5.92672 7.65157 3.13559 5.50523 4.13554 4.52278 2.58041 4.14209 2.21216 8.58446 9.82935 3.92915 3.24976 8.92292 4.55561 9.58263 7.26126 8.62514 3.64482 4.98555 7.33666 2.1614 6.35949 6.84685 5.16607 5.29756 8.82226 6.09349 8.33475
2
4.67582 8.96516 8.92297 14.7113 18.8866 15.1311 18.0679 17.5938 15.3133 10.4288 10.9845 7.05819 14.9921 17.9366 7.99436 7.48613 11.9523 8.34777 11.6249 4.91728 8.47622 10.2698 8.8587 17.2203 9.22772 5.40772 18.5313 11.9291 11.8112 15.1938 15.4418 16.3061 19.3234 5.42566 14.7375 16.1965 8.46193 7.47581 12.1354 12.2336 14.7503 10.6353 7.54319 13.9609 4.44523 16.1532 7.64207 12.4303 6.68625 7.53532 18.9942 7.84112 7.4511 11.6636 15.237 12.7815 6.87939 13.2999 9.92645 19.6346 5.52693 17.5361 18.593 4.7127 9.11312 14.7521 17.5715 13.6811 17.3241 6.64626 11.1678 8.83464 14.2341 15.899 18.7254 10.7892 13.9071 6.03278 5.15347 15.1507 10.7424 10.0307 6.47943 16.7247 8.12499 18.2768 17.9887 13.8272 14.9447 12.3799 16.5134 13.2622 15.5456 7.44379 12.4336 12.5254 18.6691 17.346 14.9521 19.7988
5
29.0263 31.4512 19.446 14.4488 42.4974 39.8644 37.9864 40.4149 26.9601 49.4664 25.583 35.4009 13.0128 11.0842 39.7477 17.9739 10.6118 20.2249 30.489 26.2186 21.1135 43.2672 43.6686 45.8088 34.6411 38.2343 41.3244 40.5534 48.5583 18.4316 39.7392 18.6954 32.8292 17.2287 36.0378 38.2476 18.0471 42.2681 44.0928 24.6444 11.9132 37.3814 10.5207 43.9924 19.9458 40.4939 31.5505 45.2001 16.202 15.7997 21.5433 14.268 39.7926 48.4877 33.9481 14.0212 42.9723 40.3002 45.4713 32.5644 46.585 14.2057 24.2437 13.7421 48.6472 26.4659 32.7647 12.8835 21.849 14.3797 46.4062 31.1155 25.7552 37.9842 18.2566 11.5226 29.4881 23.9951 11.0861 10.4371 10.6707 10.2663 27.2149 47.1393 26.4152 19.0515 17.0661 25.2502 42.1354 17.348 37.1834 49.097 33.9646 32.6038 18.4948 28.3329 10.5619 22.0711 15.6058 34.0926
3
11.9006 16.6999 15.0964 15.5178 16.5843 20.1621 29.4475 11.5681 20.8647 27.5266 29.2555 27.1484 6.41861 12.682 29.4857 18.0543 26.7906 8.15002 9.77591 24.2442 15.8309 27.1517 24.4808 22.5551 27.6191 26.6207 29.4983 12.4118 7.96812 8.75644 16.9738 27.1234 27.6004 28.7126 22.9727 9.36069 17.0922 26.0126 11.2191 23.4092 17.6779 27.2875 25.9901 10.7902 24.0099 25.929 29.2635 29.8443 12.9656 26.2523 19.2088 29.8711 14.5975 25.7612 25.1188 16.4195 15.3187 27.1108 11.8731 6.3204 17.4183 9.36005 21.0281 17.0576 8.99919 10.1089 17.6274 29.0699 12.4345 20.1137 21.8259 9.57785 25.4335 21.9737 6.42238 20.529 10.8128 6.48371 7.39215 7.25601 25.0655 22.2459 12.5164 22.4405 29.823 8.13447 15.1994 13.9772 16.3021 28.207 26.5694 15.331 22.8317 22.6567 12.9548 22.9825 15.5532 18.3988 19.8317 27.5539
2
19.8214 16.9114 9.3595 12.5062 11.117 18.6357 7.39005 5.73121 5.44189 5.40024 19.8972 7.87086 19.6006 14.2951 16.9686 6.73059 9.06708 7.07242 17.3522 11.1601 17.2118 5.73821 19.1511 15.9015 8.66706 5.10981 15.5614 18.8093 9.64172 18.1518 8.4678 8.25533 13.9993 5.90291 16.7071 18.5304 13.9111 7.80563 15.8135 19.0558 5.89642 8.25249 6.05806 15.2167 19.0642 7.16002 9.59427 6.63018 8.36593 14.3838 9.52268 12.6603 19.6751 11.7866 7.6871 10.9927 13.5032 10.773 14.0146 7.08154 18.1666 17.1012 8.21184 8.2806 7.21625 6.7867 14.6309 16.4717 19.9416 4.90892 19.1156 13.0028 7.76365 11.1334 4.64299 9.74757 13.3268 15.7625 18.5699 4.10061 13.1044 18.1275 12.2998 15.7186 6.32898 11.1325 14.1799 18.8218 9.06046 11.7662 16.4433 19.867 16.2042 13.3902 17.0066 6.40594 14.2922 11.6188 4.93711 8.93974
1
3.23602 5.82492 7.36026 6.70751 9.92953 4.92573 9.26237 7.59576 7.1528 5.49215 2.91843 5.28383 8.42837 6.25588 7.60927 6.01925 6.49801 8.40607 4.73007 9.69317 2.42267 8.4921 5.73235 4.08908 9.93677 5.71353 8.71092 7.15941 2.3382 7.37859 3.91718 6.11112 3.19515 2.31227 6.47983 4.08172 4.15108 9.99551 8.61447 3.18678 3.1092 3.21642 9.6031 2.72034 2.07742 8.01513 3.82502 5.28939 5.95534 6.70321 9.12013 9.66363 9.54428 7.73915 3.76606 3.12189 2.06183 8.24097 2.35031 8.07633 4.44188 8.91732 6.81868 7.75573 4.70169 3.19832 2.98115 9.72914 2.65703 8.34729 6.75664 4.05105 9.26672 8.33471 6.43767 6.80949 7.88785 8.2557 9.25637 5.85809 6.72284 2.07209 2.53301 3.51359 9.73969 9.46056 9.68823 8.99985 7.34663 3.54792 7.40036 3.41972 2.10235 9.31485 8.189 6.036 6.74321 6.44939 6.70606 4.64274
4
39.874 9.32361 23.4951 24.2931 8.28268 11.2723 37.1214 24.6285 22.4126 24.1275 36.3006 18.2201 23.7668 39.5529 29.3438 33.1628 12.8645 24.9669 31.3095 30.3217 38.4794 35.5754 9.87103 31.6981 32.7929 34.2281 27.4135 31.9308 11.09 27.7209 29.9832 33.557 10.6194 16.1714 21.7161 10.6578 15.2462 28.0909 27.3697 29.5137 24.5196 9.77949 21.5836 26.8951 17.7819 17.6677 11.4933 34.6117 19.9437 18.2311 19.3224 14.9476 35.55 16.1012 39.5791 15.6057 9.76216 22.9997 21.4803 16.7869 14.8809 28.1193 31.2295 35.0293 37.0358 10.5771 20.7735 32.4318 25.665 10.5648 13.6626 19.8875 12.4116 27.8221 22.6385 14.9525 18.0609 36.0561 13.5771 34.9737 18.1433 25.9341 14.4085 26.1014 21.8287 29.2732 27.6414 20.8124 38.7366 21.0518 21.1155 24.567 36.2874 19.8692 23.6077 36.2265 30.2197 11.4768 39.9168 38.8546
1
2.82427 9.249 5.32069 9.58657 3.63422 3.21435 2.53808 2.37329 7.85905 4.56078 2.20914 2.93586 7.89741 3.34527 7.96782 6.32611 6.19117 5.44859 8.9725 6.6202 6.51799 6.48043 5.23788 5.77314 2.24542 3.59111 7.94396 8.64564 6.07758 6.22135 4.25331 6.23459 7.82577 8.82131 6.1679 7.1384 4.73434 2.57004 8.95669 3.28847 2.89287 9.12672 6.68533 5.97797 2.26613 9.44489 6.37912 2.21929 3.8729 2.68089 8.35052 3.46134 7.64501 8.22781 2.22251 8.69795 3.49772 9.90617 6.17891 9.99863 8.14292 3.34258 2.97311 2.49297 2.17613 5.56767 4.22625 2.83986 7.96869 7.86446 4.54628 2.21288 6.89649 6.89852 4.999 5.833 4.43621 3.16108 7.4625 9.07994 9.66059 9.75638 3.39601 2.21332 9.66388 4.56455 6.55469 9.73503 5.44867 8.81116 5.18137 4.42388 9.8054 5.07482 7.20667 2.07387 5.71582 9.76401 9.9886 4.96739
2
17.59 11.5534 9.6399 5.88513 18.3669 17.8286 7.05775 9.88765 18.9804 8.71359 7.24388 9.10712 10.7386 13.5157 11.038 9.3214 15.5962 17.9184 17.5287 7.78119 17.7176 16.4282 4.93463 17.3895 18.1296 17.9892 9.98307 13.9562 16.2784 5.58106 7.59774 9.34018 14.3021 14.6089 16.7088 9.29221 15.8309 18.9012 13.9976 18.8097 11.129 5.12557 9.38809 5.81726 8.38977 12.4367 17.0982 9.98482 14.9958 14.1678 12.063 11.4958 4.55833 18.3788 13.5429 10.5781 5.54712 16.0732 9.72821 4.61024 19.3234 17.8967 17.1537 17.6153 7.38892 8.1291 12.7354 4.95476 15.6634 16.7839 8.24155 4.03553 11.6023 18.6254 13.0108 9.84165 5.96861 11.9184 18.7302 18.104 11.07 9.72094 16.0849 10.9202 15.2744 16.5342 9.09243 15.6369 13.6163 19.1211 12.9346 19.8079 10.3064 8.3059 9.09808 9.03913 8.95753 4.56878 11.6381 14.5346
1
4.46848 7.99767 3.81327 8.64346 3.3983 8.13549 7.72622 6.75312 7.91943 6.69876 3.92924 7.49978 2.25888 5.99485 7.10933 2.87979 4.55123 3.60784 3.27237 9.51012 5.64477 9.32184 3.30141 9.87042 2.10727 3.50201 2.3553 2.89311 7.21276 9.2142 9.88892 9.18298 5.69049 4.36466 5.07617 6.14738 4.01736 2.14107 2.41715 2.31829 2.03509 6.03602 6.31061 6.14758 9.67323 3.73428 3.37294 6.55661 2.55955 6.14512 7.2851 4.52154 8.29871 3.86085 4.94853 8.97547 5.2008 3.32291 6.73146 8.30875 5.24071 2.97674 5.58676 2.7487 7.02976 3.69662 3.82266 8.89999 2.58081 5.76185 4.3075 5.72683 7.64801 2.66539 8.88987 9.25838 7.4226 8.03631 4.81529 9.29856 7.36581 9.95722 9.92073 7.42147 4.96031 4.95799 9.38825 5.53368 4.1613 9.96701 2.83891 4.28476 4.32863 8.50121 6.54829 8.60709 9.42102 5.37603 9.56488 7.66639
4
33.5062 16.366 17.3941 38.9253 14.0995 31.3709 23.527 16.1144 11.4864 19.7823 22.6675 33.781 36.1876 20.8938 17.2943 26.4463 13.9624 14.2314 11.2824 22.0443 37.6893 35.3309 27.2425 26.1112 21.3196 25.9951 25.2446 8.76504 20.5281 37.6533 15.5515 25.1026 28.6854 38.4502 25.987 27.636 16.7785 22.6877 8.56445 25.396 33.9027 9.24546 33.999 36.3262 32.9517 35.6052 10.7307 23.5936 22.1288 38.1032 29.0816 14.4392 30.9068 29.0361 39.1729 32.1956 27.0588 29.2461 11.2272 24.0954 25.3871 22.8086 38.8795 39.4951 28.7742 16.4492 14.1245 25.1408 26.181 38.3135 14.5221 20.0989 24.2169 14.7162 23.2887 36.9794 32.9081 15.4931 10.8978 12.073 30.2873 22.5818 38.8156 23.0316 34.4308 16.4559 21.9965 20.7129 35.5684 31.0378 10.7625 25.8171 28.8899 27.7152 36.6936 20.9394 12.6742 23.0855 15.1521 24.6629
2
17.7608 17.5096 14.9836 19.5558 7.14739 5.05226 5.37329 19.3593 11.6796 18.6762 4.16448 12.9216 4.37755 4.21962 14.9049 6.96038 19.2059 9.66972 8.25828 17.6889 19.5813 18.9302 11.7236 10.74 11.3185 10.1676 8.32321 10.7007 10.0767 17.7993 8.32356 17.3191 5.37002 13.1861 6.05083 9.44753 19.2039 15.0902 17.8635 17.7827 9.39948 12.9639 17.3447 11.4666 11.6696 10.1283 19.7771 19.6103 6.50791 17.9076 11.9617 16.8029 8.95381 11.7785 19.4451 17.6686 19.2964 8.60011 15.2152 13.5337 4.77874 11.9845 17.9303 12.2667 6.36636 8.87158 11.7418 14.3542 4.64093 12.371 11.775 18.2737 14.883 5.93252 11.3292 8.22728 5.40528 15.9084 14.8604 9.29861 5.2001 15.5697 12.808 11.0942 18.9619 7.6394 14.3297 12.9336 11.5488 12.4044 18.005 15.6491 19.9451 12.4691 12.5722 13.0589 6.78734 5.21324 7.75911 8.17503
3
26.5868 7.3374 15.0384 26.8597 15.3356 24.3528 19.1069 14.2319 13.6991 23.0241 21.2668 11.5431 20.4822 27.3048 13.9041 10.2806 20.5945 23.5139 7.88239 14.3022 8.22298 11.5832 8.90924 18.8348 29.9461 9.2368 22.7018 27.0151 21.0064 29.8229 21.172 19.692 29.9628 12.5161 23.8498 16.2088 16.9387 25.609 22.7622 9.88394 24.6875 13.6124 12.9882 23.9093 15.6913 20.8813 13.1076 11.3851 18.5145 6.48762 13.7623 25.209 8.62808 27.0566 14.55 9.54013 10.9259 10.2867 27.4669 10.5541 29.1502 27.8707 27.1208 26.2104 13.4458 14.5387 25.9309 16.7496 11.2609 21.9386 26.5347 27.6387 28.8146 14.0766 17.6203 22.6844 24.3481 17.0332 17.4023 15.033 28.3807 25.6755 6.96066 9.77399 8.1862 12.0837 9.66149 21.8691 11.712 26.4102 26.8775 7.12223 28.1565 26.8916 26.2278 29.9118 16.4257 17.7305 16.5558 13.4022
1
9.15303 6.52244 2.49423 3.70458 6.5927 5.54867 6.56388 8.50033 5.34593 3.91124 9.29186 8.14251 2.57774 8.65026 4.30799 8.06326 5.0191 9.20813 8.35369 7.23253 6.99676 8.42246 3.53663 3.0048 2.73313 9.17177 3.74609 9.7591 9.19741 5.45522 6.51023 5.11381 5.78927 4.68777 9.57644 7.49744 3.13628 5.99187 9.49617 2.85655 7.28634 5.26697 5.49533 8.28217 7.57645 3.81813 9.91163 2.33592 6.45888 7.32497 4.48006 5.8571 7.56623 3.9322 7.74769 7.03195 8.29647 8.24296 4.89928 2.5064 5.19918 3.99624 5.27459 4.32352 6.44444 4.2097 6.85898 8.46692 7.65537 9.56897 9.02833 2.79135 9.38573 7.84486 8.82965 6.12179 4.52385 7.11963 6.07853 4.3022 9.90399 9.60356 4.55478 2.97528 2.40649 2.82315 6.57744 2.87438 5.828 6.96212 8.24048 9.40892 8.8029 3.13653 4.5903 6.32446 4.05731 9.38515 8.02649 9.21881
5
43.9275 11.6221 11.0716 24.3668 24.8318 34.8606 14.4364 36.232 23.4754 31.6627 49.8883 15.3711 47.1291 11.2554 48.5857 31.5279 34.3997 12.8648 23.1539 49.0431 20.465 46.7312 12.3396 45.0434 33.2197 19.6671 26.9685 38.8135 33.613 30.9397 15.4836 43.1351 23.4594 34.26 37.3487 38.3707 14.0045 31.6583 42.596 40.0768 38.5251 15.029 25.8003 20.925 42.2475 41.1242 12.7608 17.7142 12.8634 35.7795 28.1717 44.2539 44.925 13.1502 42.5624 40.9006 41.4013 45.743 26.7895 21.5281 45.6756 11.0208 12.3609 28.7135 47.267 30.3644 25.8742 37.9194 34.5552 46.1709 15.8492 41.4538 37.792 32.8708 20.2379 32.9897 35.6793 27.6447 32.8909 23.4244 48.7948 16.621 37.2633 28.861 33.1477 42.3359 45.64 21.4918 37.1451 28.2368 32.1632 44.167 15.2496 26.01 17.9413 19.4275 21.6105 41.5153 16.5224 33.7854
1
8.87872 9.60563 2.62043 9.89185 4.52524 8.04958 6.9365 3.89575 8.07636 6.9615 4.73738 3.62303 3.57835 8.59384 4.16543 9.45426 3.03222 8.15225 4.41526 2.91699 7.95418 5.78485 8.52883 6.94484 4.53807 9.36887 4.30816 9.69947 5.95119 6.12588 7.87698 2.98689 5.29461 3.09688 2.42257 4.29917 8.75934 6.50856 6.64901 5.513 8.50945 4.06183 5.4731 9.27611 4.82364 8.17407 5.49423 4.11302 5.02619 4.20614 7.7694 3.28124 8.73889 9.70558 4.4247 2.40925 6.98486 4.69714 3.63441 8.94737 8.67577 7.05191 9.49909 2.46298 6.01356 8.96638 5.3538 6.81118 8.33802 4.58249 7.03776 9.21219 3.95135 4.7802 6.6567 7.26671 7.45107 9.17352 5.3691 2.94057 8.10243 3.34152 7.72765 4.54987 4.78172 3.32539 4.10711 3.77778 3.0215 3.4229 9.74983 8.7544 3.68924 5.31142 6.96025 8.23088 6.83044 4.53086 6.97951 7.87894
3
7.48991 24.4232 12.336 14.397 14.6032 27.5466 15.3264 28.5253 29.9441 24.2391 19.0454 14.767 22.033 6.78677 21.8919 11.6899 12.6839 19.8764 14.5644 9.77448 24.0514 18.9331 19.9538 7.09331 23.7973 21.4455 29.7648 8.33687 21.0977 15.4974 29.587 22.4058 16.2073 7.72511 22.1331 23.7877 16.3009 22.9185 12.3632 16.9371 24.3105 17.4848 20.2141 12.8781 9.47681 10.9941 24.6529 21.2475 18.3339 26.0252 12.7721 22.9976 14.8454 8.53043 25.6469 14.9778 28.4115 26.938 26.6718 7.6129 18.4655 22.2115 24.0962 6.89779 22.3782 19.0839 21.4776 17.9263 7.38926 10.6865 23.7708 17.1738 29.2839 6.78973 20.772 14.7519 10.5347 21.8763 19.6372 21.8544 16.6252 25.2642 12.1921 8.6117 19.2772 25.4988 8.7544 15.5755 13.2966 11.2327 12.1852 12.0491 15.7602 28.8123 27.8893 12.4841 10.26 10.7898 19.4835 8.16235
