100 100
312 231.727
312 201.932
312 215.224
312 224.271
312 140.285
312 208.7
312 120.239
312 241.16
312 215.037
312 180.376
312 224.279
312 157.3
312 187.878
312 50.0
312 220.056
312 191.769
312 200.636
312 98.4119
312 166.806
312 143.937
312 184.155
312 170.601
312 57.6735
312 235.778
312 183.388
312 145.086
312 279.424
312 123.975
312 131.422
312 236.007
312 186.222
312 140.897
312 264.778
312 215.857
312 209.82
312 120.034
312 127.01
312 257.367
312 137.895
312 145.574
312 201.189
312 200.695
312 200.525
312 201.684
312 243.009
312 198.549
312 153.6
312 170.609
312 170.974
312 143.646
312 156.212
312 209.85
312 174.221
312 127.004
312 293.187
312 93.4093
312 129.165
312 226.185
312 247.437
312 178.556
312 157.854
312 267.857
312 171.536
312 195.448
312 253.927
312 108.508
312 165.546
312 215.171
312 179.083
312 172.387
312 167.567
312 115.305
312 202.986
312 143.438
312 194.616
312 167.406
312 241.887
312 193.253
312 267.946
312 230.208
312 139.462
312 58.2677
312 177.499
312 300.0
312 148.689
312 94.1199
312 156.05
312 246.095
312 244.729
312 133.923
312 283.026
312 111.679
312 212.922
312 225.429
312 165.05
312 253.238
312 227.158
312 222.651
312 254.948
312 263.567
1
6.69012 6.94457 6.33218 6.18845 2.84885 5.83212 4.71403 3.49846 8.24176 8.16289 2.98379 7.42561 6.39296 9.29466 2.18223 2.07017 6.19214 8.42759 9.21229 2.55552 8.08515 8.21191 6.55337 8.81966 9.69472 2.23106 2.42128 6.54783 5.40263 5.39161 4.90541 7.27753 8.42455 8.25114 5.61411 9.70708 5.90878 2.31535 4.35957 6.23912 7.59022 9.3357 4.41368 8.79015 6.53072 9.63875 5.8657 5.89752 8.47709 2.51852 2.61345 5.15493 8.36813 9.72304 6.51893 5.0079 2.52172 3.06644 4.25974 5.94026 7.03338 3.19774 2.40762 5.08307 6.91758 6.55766 6.26521 8.27711 2.52284 7.55467 3.99245 7.62026 9.75208 8.99145 5.55367 2.531 8.61945 3.77322 4.01685 8.35922 4.6747 8.92894 8.7361 6.57571 9.8266 2.97681 5.94868 8.57147 7.09649 3.66527 8.31791 7.09817 5.83321 5.12067 4.95305 7.38092 7.9208 7.43299 9.43749 3.93469
1
3.39162 8.72968 8.14624 4.39372 5.91313 2.46748 7.30711 6.50617 4.57148 7.17021 2.20376 9.44799 3.18537 2.90117 2.05282 2.62703 2.77464 7.98422 9.37452 4.72944 6.46805 6.06437 3.35678 5.1937 3.05006 4.34665 4.56141 8.81591 5.05312 5.4195 5.87894 2.89273 3.3016 5.06877 4.63825 4.30812 5.81362 2.48878 4.77716 9.97026 2.96703 3.29661 3.98036 4.00469 6.8358 5.7558 6.69086 9.1102 2.60314 2.61579 9.90124 3.48343 3.95741 8.9734 6.63091 6.71866 6.3773 8.56242 5.99567 8.0889 2.21232 8.87779 6.7758 4.6146 7.46507 5.54039 7.38893 2.32621 4.18131 2.30891 9.17397 4.12679 8.35423 3.14483 3.89231 9.66106 3.24918 6.73701 2.35253 6.59695 8.05495 3.89186 3.06494 6.72605 9.76808 4.19557 9.8321 6.28919 8.21623 8.35455 9.18172 7.93324 2.12706 4.62034 4.54797 3.70568 2.14865 5.70521 6.10766 4.4929
2
6.63574 17.1806 5.49872 14.165 12.3803 16.7166 12.8052 15.7287 11.7784 4.4759 5.98516 6.14437 6.46332 12.9602 7.28446 12.0841 6.16893 12.0807 13.8525 6.91412 16.4117 10.0579 14.6467 19.4516 13.0091 10.6754 15.4558 16.8546 18.9973 7.44742 13.6027 16.2088 19.5109 7.26486 11.8917 19.3728 14.1874 16.0807 5.36046 9.64471 14.6581 19.1984 6.40089 12.8128 6.68861 8.72498 17.8099 5.15206 12.5314 18.7521 11.3339 14.9295 9.05247 4.8266 5.26891 15.9814 5.19537 16.2741 18.6785 15.9235 10.3441 9.9373 19.7928 9.55822 13.1484 17.892 6.15034 16.0399 14.3731 9.70295 6.04572 6.36216 17.3347 9.78271 18.8455 11.7284 11.487 10.4149 11.7347 19.369 4.7191 9.00534 14.4562 18.367 19.9273 6.12352 5.60633 18.0552 7.42422 12.8959 8.0482 9.54712 12.7476 8.31488 15.0058 4.96431 15.4302 15.025 12.4015 4.9221
3
14.5538 19.176 15.1068 9.0814 23.3011 15.0641 28.4932 13.2519 25.4158 7.04555 29.2503 27.2381 8.52771 21.5016 12.0602 23.4105 16.9745 6.91024 19.5331 11.634 28.7987 27.7115 25.3134 27.7067 28.8305 20.0626 12.7563 16.9242 20.3244 23.4526 6.64222 13.7361 11.6192 8.14401 13.3988 16.4652 20.2893 8.41094 23.2993 18.0573 23.257 29.5428 18.1052 11.8301 27.3331 18.5815 29.6229 13.1914 8.65617 26.7613 12.6424 24.2929 27.4986 25.6202 21.7276 18.5909 14.9076 20.7514 11.3254 28.2811 29.6504 9.16372 24.6647 15.5765 13.9332 28.2193 6.91151 6.79769 26.3607 22.1183 20.0509 14.2434 16.6069 25.8981 10.9633 20.8112 12.2648 20.9172 18.1651 20.3359 10.3441 21.7905 28.6806 16.6152 23.8853 24.7474 22.5155 10.0911 20.1599 29.3789 28.2006 7.15573 20.9243 15.7443 18.8736 21.0508 17.1965 28.8052 12.3678 15.3283
4
14.3115 14.511 13.0805 37.287 30.2284 30.9102 9.63128 36.7936 23.2334 33.5514 23.2163 8.47722 36.8567 13.2623 9.05798 27.829 39.5724 10.6879 24.9616 13.7555 27.374 28.1042 29.251 8.64333 15.1014 28.2656 36.5188 15.5203 24.645 18.4103 39.3155 34.4366 26.1522 33.549 39.9037 20.1916 20.3598 33.1614 32.2016 35.5323 10.1794 21.4264 38.0403 17.946 33.6594 37.1105 21.8617 26.1753 22.4486 19.2388 27.9799 16.5772 25.8873 10.6751 28.5325 31.4545 36.8498 17.7341 34.2464 25.4814 39.4648 35.9532 36.1426 36.3509 10.8362 24.1461 26.306 37.7674 32.8925 32.8655 33.8442 36.9102 38.4872 29.3988 24.1614 26.4923 35.8762 25.4216 29.6708 17.5407 31.6974 33.4351 24.0723 35.0216 32.5774 26.1114 20.3192 30.4366 33.4896 16.6716 16.3995 25.5147 36.99 34.4225 29.0567 9.12501 27.4538 33.5769 15.5749 13.535
2
16.7065 6.11597 9.6151 11.6453 4.04317 10.8538 5.64127 11.6978 10.3035 7.33024 13.9791 10.4826 14.6563 11.9372 6.97001 5.08177 18.5875 16.49 12.7312 14.9245 6.89818 6.11329 18.0423 6.10164 15.1843 17.937 5.62136 14.8958 4.6103 10.4141 12.5993 10.3399 16.7894 5.07285 5.00834 15.6166 13.5823 6.51642 7.09526 4.11121 10.6279 10.4819 16.272 17.9296 13.4177 13.7715 6.51702 16.6956 4.72651 7.86793 7.03876 8.43849 12.2123 6.04749 7.0149 10.3837 16.9975 13.8022 17.2189 15.4601 12.0444 16.3841 15.3467 16.3345 11.1364 13.2846 17.8567 14.7883 5.27869 5.46009 13.1341 12.2461 11.3307 5.1176 6.79344 13.271 9.68146 13.8727 17.9314 13.8383 19.7825 15.0916 13.1419 14.199 6.34908 14.2303 9.10682 4.14816 17.0428 4.98385 18.5742 16.5076 12.4486 15.057 14.5366 12.638 5.15801 5.36962 11.4223 7.79112
1
7.91291 9.93516 2.3716 6.18867 8.74306 4.27414 4.95989 4.1249 6.86049 5.29293 8.46301 6.82752 7.4571 2.90512 5.40402 7.57975 2.45589 6.46864 6.97507 7.88314 7.25524 2.86022 9.61584 2.74515 2.46185 4.42138 3.47141 8.97883 2.89377 9.5572 6.01071 8.2961 6.13462 4.76931 2.08688 6.97561 6.92043 2.90404 9.72081 7.88665 9.64017 2.39731 4.88906 4.6502 5.23132 2.29722 8.59736 5.71849 8.75174 9.84586 9.52113 2.15424 7.90902 3.40129 5.49401 2.89084 2.8286 7.48125 9.1259 7.25478 7.34196 6.70962 8.83157 2.53151 4.07602 3.44698 6.55118 4.356 7.62508 5.8865 7.44397 7.70928 8.08656 7.39642 6.8363 6.30218 9.24171 3.89036 5.70541 8.12751 9.6626 2.00672 7.97997 8.96197 9.02668 4.87838 2.93887 7.59899 3.92004 4.274 9.98934 4.5938 3.41074 9.89221 9.10576 8.302 8.67337 4.58976 6.21032 9.99269
3
15.4096 24.1403 16.5792 8.77463 10.124 16.1394 20.0779 8.93074 7.75349 16.8525 8.53259 18.4557 8.52099 25.8021 22.5776 19.8642 21.9721 22.193 14.4167 17.7525 13.4605 16.9352 8.22613 29.6419 14.2111 16.9251 19.3696 26.0637 24.9292 7.05188 25.3942 12.3548 20.9249 13.3989 23.776 18.6324 12.7219 29.1093 25.3832 10.4166 26.1181 22.3827 6.62704 26.3699 15.6683 12.0745 17.2682 15.622 19.5566 10.3637 22.8475 29.1486 29.8279 21.9598 26.7105 9.67374 17.947 7.31723 14.593 14.5632 9.65389 11.3257 14.7386 8.17885 13.0846 16.945 20.5148 22.1615 18.1255 25.2541 8.49799 24.1128 26.9704 29.3818 26.9947 17.1427 9.84943 11.7889 23.9696 10.7531 21.8971 28.3706 25.3472 13.5255 27.1301 16.8462 8.65704 12.0813 13.5029 28.9075 22.9913 26.7845 29.0083 7.59264 8.24261 28.6539 14.7953 13.3545 20.5914 11.9555
2
12.5991 7.95033 19.0687 13.3846 7.12393 10.5812 10.1569 6.85568 6.29529 5.21267 5.49968 8.708 11.7584 18.5321 12.6317 12.636 19.6613 9.23635 6.92569 13.5511 11.2906 4.63421 18.666 6.19218 13.8487 4.78126 13.2952 6.80033 14.4345 6.20931 5.89546 19.9189 10.2917 5.31319 6.96832 4.38229 18.3855 5.45721 8.57452 8.55587 15.3714 7.86379 15.8968 8.88905 7.01729 18.3469 5.28796 13.8446 14.1432 9.95281 13.8669 7.26623 6.13938 9.57021 9.72476 13.2474 9.1262 16.5731 11.8044 8.56342 11.8183 9.55776 4.51447 4.72945 16.1551 13.2377 12.1423 17.7473 7.7607 9.55775 14.1262 15.6027 9.29501 9.0903 10.2513 17.5768 15.7593 10.777 4.83011 11.4328 14.8183 14.0768 18.9319 14.5417 11.2012 11.5845 19.7211 17.0084 10.2443 6.18078 11.97 12.8623 15.6383 4.77766 12.8055 9.3727 4.44124 8.72063 18.7546 4.5533
1
5.95767 5.46131 3.93445 9.37464 4.65744 4.98655 5.66797 2.91858 9.68319 3.43419 4.2672 6.50929 5.37699 4.43439 4.80962 3.05696 9.55403 6.37421 8.27701 3.03812 6.6498 8.436 6.94804 6.36144 8.3346 7.8922 4.46121 9.94298 2.50149 8.06269 2.45447 5.3973 9.53418 2.34106 9.68778 9.25035 2.76076 5.69587 3.55479 2.08075 3.99993 7.05336 7.88995 6.99545 3.10555 5.96769 4.97727 3.84614 8.41616 2.98507 9.66702 9.59264 9.01542 7.10798 3.50652 9.21948 7.70987 5.76569 4.79144 7.61199 5.63022 4.69745 8.44366 2.79812 5.36247 7.15447 3.62214 2.96217 5.51496 3.82706 6.97283 3.6368 9.62784 6.90301 3.42411 3.47952 2.33095 3.66373 8.43383 3.03984 7.65657 3.02405 3.59424 4.92347 2.4132 6.42227 3.50114 3.75967 3.52652 8.46649 9.79338 4.37811 2.25407 6.74352 2.26908 4.6015 4.17954 2.19672 6.98469 9.06006
3
26.6924 29.9951 21.6015 25.1088 17.6786 23.8116 9.99567 16.2773 10.8304 16.8012 7.8159 8.63287 19.9603 15.2836 16.8633 6.46158 10.7914 11.4951 6.36227 8.56778 26.4216 28.2995 13.2834 23.1676 23.8409 9.97476 11.1399 23.0297 29.8435 24.9189 14.6023 21.7075 6.68062 28.1192 29.2747 25.7062 23.796 21.2286 13.9763 7.42894 17.9897 14.0919 28.8719 25.7455 14.3514 13.5678 28.7959 27.0267 6.31037 7.4877 15.1122 17.4899 19.1418 13.5974 17.4548 7.69731 23.2774 29.3241 6.69251 24.0526 17.7602 12.2126 14.4614 8.13816 10.1907 26.8757 20.6093 6.73819 9.50535 28.2998 15.8949 29.3898 9.9326 29.3531 29.2868 12.3073 22.4704 14.3366 11.2046 21.5224 24.2277 22.4246 22.0478 18.0847 13.9752 14.8361 29.3536 26.1657 8.24771 9.58249 14.9298 14.9108 10.3427 13.6346 19.3054 10.8825 14.559 8.3527 20.8427 27.9381
5
41.2919 26.2839 22.1563 22.5127 30.6372 30.7169 16.0672 30.0037 22.2102 43.7412 42.9808 26.9103 48.9804 26.9388 19.4467 15.6789 41.9066 46.0095 35.77 48.6193 16.296 12.8407 41.8093 49.9805 39.7377 38.4101 25.991 36.7497 17.392 24.8015 28.3196 31.4559 20.4173 14.6164 18.1659 10.2591 13.3153 26.0612 37.6145 39.6064 45.9755 31.9922 21.1512 44.7364 26.2017 31.1997 32.4727 23.3124 38.4992 10.2113 29.1984 47.4669 24.9071 43.8971 36.2668 47.5378 13.6538 33.1576 18.7967 20.7776 11.4197 27.9745 35.1956 38.3171 44.9863 14.1074 21.2956 33.6649 48.0539 11.7165 46.2982 46.0232 19.0093 24.1925 11.3099 41.7026 45.4245 25.4756 11.2489 46.916 41.0669 24.1445 30.9051 15.2323 11.2037 12.5565 15.9338 22.9734 31.9809 19.3203 49.5649 35.8334 19.6577 13.3826 15.8086 20.0024 15.4791 18.0094 19.9391 21.076
3
8.48063 24.2792 28.7208 6.51778 11.9308 14.7238 18.4758 7.88206 14.0226 19.5078 27.5866 8.73741 12.3647 24.753 21.5518 27.2856 14.6158 16.587 13.5276 13.6607 9.21567 23.6901 16.04 12.5001 26.3517 15.5386 16.2294 13.2591 13.2557 17.9392 13.7222 20.8628 21.9232 21.4469 22.2224 21.2893 13.3508 8.26208 13.9169 26.6778 28.3834 21.1978 7.78907 6.55556 17.2668 12.3143 28.9332 21.7763 17.998 6.81121 7.96457 19.7663 11.5681 19.7743 7.61835 27.6688 12.1909 9.36774 17.6312 21.9836 20.6109 12.0675 28.9993 7.29245 26.5847 11.5291 24.7067 26.6671 12.6298 10.6829 10.0175 24.3513 13.1337 14.6518 19.4261 15.3117 24.9181 22.084 19.3581 14.2511 27.3512 8.4953 15.7177 22.6781 16.102 11.214 9.37241 18.6267 8.6308 23.5232 24.6723 19.6186 9.50875 11.5933 10.0941 7.46441 25.6612 13.7986 16.1065 13.4949
5
17.1201 38.8693 38.4977 25.0868 49.3961 22.026 43.5693 15.2818 27.5793 26.939 30.7015 28.0723 21.713 38.18 10.7609 21.7235 22.5195 33.0763 31.1008 38.5728 27.691 37.9747 28.6447 37.5602 24.7741 13.1713 21.8304 43.9386 27.6811 16.0356 23.4452 10.696 13.8566 21.8631 26.3825 36.2201 19.133 31.9852 24.3537 32.7371 17.305 28.6691 39.5833 30.0551 21.4544 26.3384 19.5209 29.1447 14.057 38.6454 34.6008 10.0867 42.902 30.9277 19.0799 28.9188 29.8564 17.5782 26.9849 27.913 49.5038 33.8613 25.2019 33.8134 44.691 41.7068 15.7371 28.5679 36.012 39.0109 49.182 27.0826 12.2614 11.9779 21.4129 26.5326 18.8881 20.0319 35.5567 21.7582 11.4813 32.831 41.2544 11.2793 11.3186 28.9145 33.2525 48.4588 30.0092 35.5149 21.355 42.3456 40.262 39.0656 33.766 22.7297 39.8108 25.9355 25.8548 33.9398
4
16.9581 25.8614 20.5136 25.3323 15.0026 36.8964 29.7752 22.4832 38.6462 27.4942 25.5807 20.6851 9.31344 29.2565 17.3976 27.6618 10.4545 17.4236 16.6826 27.0281 28.9607 21.7512 38.1648 15.0504 14.5972 23.9359 8.7091 22.5189 30.5783 24.7144 32.8852 28.8555 20.4111 31.7621 32.366 35.583 36.1303 15.5149 24.2815 30.2819 21.0521 16.0403 39.6528 28.1564 8.16963 16.0818 35.0309 34.3387 35.3163 35.4025 30.4656 34.0538 14.2219 13.5529 10.9299 29.77 22.5861 16.1863 32.324 24.4621 24.2944 28.0498 21.1846 18.11 14.9018 11.7721 13.2243 28.5585 29.5095 23.5771 15.8258 27.8643 34.1579 25.0448 31.6165 13.2533 17.8638 30.0469 20.2485 23.8152 34.424 17.9808 31.5073 18.0585 15.1119 12.4279 14.8775 15.4525 13.3916 28.36 34.687 17.0805 14.7748 15.0202 27.9573 28.5291 20.945 25.6025 10.083 36.1389
5
12.5227 40.2425 12.536 27.1348 23.7966 37.024 44.1024 49.0819 19.4167 22.2721 20.9665 45.6969 21.8023 26.6654 34.3896 25.1821 31.6199 42.4984 20.7017 36.5644 32.7093 48.6651 30.1407 23.22 20.6546 26.6693 37.2261 41.567 23.2825 48.4449 45.9508 30.708 11.367 46.7663 13.0703 48.8037 47.8233 49.0303 42.7712 21.9585 33.672 25.1908 36.0012 21.3996 19.0541 30.6276 27.7397 14.7308 17.5788 14.7308 15.4927 47.0424 32.2849 35.9813 12.2918 17.6585 11.4975 34.3094 27.4781 28.3018 22.8606 41.5127 48.5541 48.4594 23.8276 40.514 27.3831 13.7287 16.8899 14.2408 44.0179 42.9257 27.8269 14.9077 31.4409 29.7368 35.2553 14.483 14.4949 34.6955 29.7628 27.1206 26.2882 33.2647 30.9042 44.3382 35.3534 25.8063 20.3435 13.7237 26.8421 45.2195 39.4216 21.9504 31.0364 48.0286 29.4317 12.883 22.4586 44.7018
2
17.9252 8.04305 17.924 12.9771 9.00235 15.1398 17.2692 6.23489 10.1429 19.9647 8.80475 17.7096 9.33394 19.8953 4.6638 18.0075 19.2675 4.23334 8.74429 18.22 9.2456 17.4602 14.9431 13.3281 11.5091 6.80542 7.84414 6.45177 11.0511 16.1921 8.92358 6.00563 15.9788 12.6197 7.33338 19.8254 5.48494 11.0486 18.3271 10.3258 16.4933 15.8479 4.38936 18.7539 10.0384 4.86893 6.13237 14.5988 10.4435 10.2077 18.021 6.22188 6.35902 17.7179 11.99 8.76882 18.7237 19.338 4.01484 13.4264 8.7114 12.2932 14.6994 10.0867 6.72502 15.2372 18.9428 7.48065 15.5016 15.3941 15.7479 14.8445 12.39 4.76368 17.2336 17.1801 11.8635 11.4535 15.9137 12.1732 9.33088 4.19842 9.30555 4.83111 15.3074 16.1321 4.92947 19.9024 9.00917 5.87092 12.7627 4.14195 12.4319 17.9751 4.21005 6.48252 9.97877 8.84695 12.6531 4.17655
5
17.2185 20.8998 14.4493 35.2575 30.2569 11.2212 33.6128 45.7476 47.4021 42.7987 31.4177 23.6913 12.8384 27.5326 44.5213 40.6057 17.5691 42.8254 17.0158 24.8944 28.1081 31.5461 15.5423 44.2692 29.148 31.1666 36.8962 42.109 49.7367 14.1014 22.6581 14.7882 32.4935 31.282 25.378 27.0055 35.3967 40.9983 40.8476 32.1446 25.6718 15.0365 30.9896 34.6977 15.3144 44.1457 31.8953 21.7835 17.7769 14.8651 11.5437 20.7904 35.3515 39.7411 31.7309 10.1764 16.7793 32.968 38.7426 20.4576 14.619 33.4817 17.301 12.4148 21.9043 47.538 12.3155 49.5521 17.6219 32.8076 12.9716 11.8356 40.5428 16.018 23.6861 27.7464 40.9351 26.1745 16.462 11.6774 29.693 15.3904 29.173 23.705 14.4106 29.3592 44.3099 18.7686 21.9332 19.4981 12.7195 42.2873 36.9165 18.7959 36.8674 19.2461 15.9259 13.3956 18.1561 13.7827
5
35.986 46.7179 38.1854 30.9466 29.6611 28.2334 34.4231 49.9087 24.3519 29.3435 29.3066 11.2352 23.8859 30.7099 21.009 42.7415 10.9596 11.4877 44.2644 49.4966 27.7517 28.3362 45.3656 45.0532 28.7834 42.9687 27.6149 30.6678 44.935 39.6453 11.1315 48.9178 47.522 24.0159 40.9245 48.1222 31.3401 24.7199 47.1349 43.9717 45.5822 29.148 11.3553 34.7743 31.5362 34.7733 22.9321 16.7227 15.9688 47.4573 19.1566 15.5908 19.1005 28.1373 13.2521 21.2632 46.0807 39.3009 24.0623 41.5075 20.8668 12.6555 11.3475 21.391 11.4137 49.3968 10.5952 24.7531 25.0819 14.4841 31.2511 44.1356 23.1683 36.328 12.2769 15.5791 13.4669 13.2973 18.9401 24.6916 49.7655 38.4509 34.7446 20.3952 17.1851 23.9006 32.4049 42.7571 12.2672 16.2121 17.7735 21.3119 16.7166 24.2493 30.6252 10.2798 13.7043 30.8693 16.2059 17.0891
2
5.36307 16.5323 16.5316 12.7038 19.6749 19.2888 18.1486 18.1942 17.3071 11.8875 6.51823 15.2885 16.4401 7.27759 17.6017 6.34037 11.9086 15.6937 16.769 14.5677 8.11843 14.1468 9.69508 8.99892 7.49955 13.6538 6.44806 15.3144 10.8081 5.5193 17.0829 11.8964 9.5893 19.9813 5.05188 14.3987 19.1141 6.53383 16.7454 4.15046 12.1017 17.2387 5.47461 15.7042 17.5414 10.3392 8.20981 14.8429 12.9245 19.4879 9.38524 18.3569 10.2008 13.9014 14.0844 14.9044 19.7709 10.7541 8.91764 18.267 12.8267 13.1238 4.90436 12.313 6.35391 6.80152 8.67298 14.9825 15.1075 13.2784 12.2905 12.6037 18.8735 8.22151 16.0347 15.8562 17.3293 14.7513 6.42075 12.6914 8.81541 12.8338 7.79588 13.5242 5.33069 14.0992 9.81339 4.00646 8.06345 15.3998 9.09927 8.69765 15.7715 12.4195 7.42365 8.94197 14.3235 18.6481 4.68967 6.2669
4
29.0413 37.2498 9.98902 24.6281 23.6409 38.1244 22.401 21.6022 9.18252 39.8883 26.3248 16.9681 31.7789 20.5328 11.1092 13.3152 25.8913 36.1855 36.115 25.5073 32.2352 33.7857 31.5432 22.1717 33.562 25.9176 10.2023 23.4084 36.4437 25.9275 10.3409 12.8453 11.1836 13.4485 25.6688 34.1644 13.98 16.4586 26.693 18.2231 23.4657 19.997 25.4934 14.8968 23.7504 27.6639 16.0623 39.7666 10.0896 34.0279 14.3339 33.7783 17.3055 26.0673 14.0283 25.9966 23.0845 11.7689 34.4343 21.5803 34.278 18.0107 28.2576 9.1035 32.328 39.8522 33.6572 9.34643 37.9469 27.3582 34.5978 31.6832 19.1724 36.0809 25.6405 36.1897 14.9256 35.325 17.2981 39.597 22.1955 28.3208 14.0803 31.216 34.9755 26.4315 37.3531 12.9571 23.0769 35.517 17.1375 37.5713 30.9443 28.5827 24.9731 31.2366 8.59843 14.8352 15.9706 26.6151
4
28.3083 35.7475 14.2336 36.0348 14.0487 30.7563 18.0858 25.951 25.3881 32.7938 16.6681 13.8923 21.8375 14.9016 35.3265 18.7497 23.8125 9.67441 23.3892 33.1788 8.60753 21.9163 18.2323 18.4262 29.959 27.5428 32.7462 34.212 34.8213 22.3508 23.8272 39.2946 10.9802 28.2832 19.5192 26.3409 19.1294 36.813 10.4316 10.7298 23.0352 37.0705 19.0566 8.91089 15.4139 28.3407 32.6127 21.9458 17.1466 20.5544 37.0381 15.8553 15.4578 34.3983 13.7596 26.3989 10.6812 24.6696 24.8621 11.9107 29.2387 10.4991 8.28327 13.8165 32.4572 32.0696 32.6586 8.45812 10.848 9.45213 9.44213 25.8495 17.4749 35.1871 11.927 30.9885 30.0344 8.23449 22.792 31.3515 19.2739 20.9179 19.7983 18.1938 33.3732 38.4882 37.2614 29.2819 19.9138 10.9308 8.9235 20.6826 11.0604 28.6425 37.8516 11.2338 25.5812 13.6022 18.9857 11.3212
3
13.2389 17.5486 6.3551 21.7941 9.24425 16.7462 15.7465 12.6829 17.7265 26.0565 9.19971 26.4256 28.5441 22.6575 10.814 18.806 22.6367 28.9061 15.381 13.5119 6.25049 25.1409 29.6605 8.87377 28.7255 6.19334 6.88797 10.7346 16.6851 15.9515 14.3584 28.7933 7.47392 24.3194 19.9291 23.7662 26.687 20.9168 9.28549 14.7101 12.6335 9.86123 23.8144 9.85086 28.5801 27.9788 26.9279 6.26074 25.6159 26.7847 16.6807 21.729 8.98447 16.5794 16.5275 8.1691 26.7257 13.0024 14.0604 29.9057 29.4714 28.3894 19.5733 16.1867 16.238 20.2743 14.2948 11.2624 23.0619 27.3818 20.1353 27.3767 21.3183 9.45299 24.7901 28.0132 14.5697 17.2484 6.04372 22.7413 28.7872 29.0722 17.1184 21.0041 8.78723 20.1604 12.9109 6.19356 23.729 21.279 14.9614 25.3562 14.5156 24.8725 18.9973 15.8723 25.9427 11.1102 14.8981 28.4533
2
8.11102 9.11924 11.4951 6.36708 14.9293 13.1172 12.1542 6.46233 9.95286 11.5751 17.2866 5.63564 4.50189 5.05023 16.6913 4.14216 16.1162 15.576 5.9274 15.3529 15.2506 6.29403 12.0276 19.5065 10.8353 17.4043 14.2327 8.43537 16.0118 16.7444 7.05878 13.577 7.35941 7.31201 9.00975 13.5846 10.9227 10.0415 16.2483 5.84872 4.35345 8.14847 16.5368 18.2423 16.4792 7.35372 6.76208 17.4022 9.61143 18.3 9.35466 9.85887 13.905 11.4736 6.91678 12.3276 11.0824 10.9427 6.37064 19.4734 12.834 17.2266 15.9396 5.46158 15.2086 13.6068 10.2751 15.6073 10.3048 10.1927 11.0413 8.4365 16.5769 4.05496 14.2705 8.46961 13.0679 9.73923 11.8014 14.0424 18.8813 14.4713 6.11283 4.47489 19.2052 4.36799 17.8658 10.9013 19.1998 19.9646 9.46552 11.0742 15.0624 11.3733 19.9571 4.4539 11.5818 19.3828 10.5662 19.8977
1
9.89975 2.06415 8.13686 6.636 7.12448 7.90875 7.24055 8.91091 2.35091 2.90344 3.06246 4.57429 3.86582 7.9418 2.43345 4.76824 7.47181 4.54208 7.90909 8.59588 8.83289 2.68408 4.47484 4.35304 3.67217 9.69347 4.61899 8.57298 5.35276 6.2047 6.30442 9.91526 7.37326 5.2337 8.37061 6.93019 4.30908 8.39183 5.89704 2.72998 2.73073 3.27205 2.05927 5.59784 3.63055 4.03884 3.00899 6.56642 3.8888 3.25284 4.30916 2.99662 2.31074 8.96176 3.45564 3.1882 5.76563 7.08847 3.01651 5.05343 8.9591 3.14792 2.92025 7.88482 3.37002 3.32372 6.42412 6.24854 8.88322 4.93595 2.29403 5.0344 3.64925 4.33132 7.72698 8.69393 5.70238 8.22689 2.54753 3.69767 9.86827 4.53873 3.20934 3.24292 5.4923 2.72665 7.13321 9.24324 6.52009 7.68626 3.91282 4.63101 3.46119 9.21972 3.91927 3.00407 4.76743 7.11629 4.83594 8.64804
5
35.8483 22.1882 35.2205 31.5229 40.5941 14.1771 24.4337 12.8819 27.4338 41.0169 47.6306 38.9111 18.1184 43.7897 30.1445 36.8017 30.7384 26.07 32.6656 16.4626 19.3776 44.7934 48.7626 23.4164 36.8856 15.6876 16.5379 43.5238 35.2988 40.2982 43.9474 31.5683 48.4414 11.64 17.3161 45.7315 31.238 25.5045 12.5802 39.9917 40.2693 14.4562 18.7886 36.4747 10.101 31.5472 13.3929 49.7906 29.9182 20.7834 38.8586 25.3864 34.9962 41.3712 20.1287 23.9459 37.5396 42.7781 32.4699 13.868 31.4187 17.6374 19.2339 43.8553 35.3379 49.528 49.0643 17.6435 28.9647 22.6612 12.0804 22.9033 26.5509 10.5055 24.57 16.3461 22.5787 10.3806 21.7203 37.0638 33.9614 21.0521 27.9215 10.1357 33.3305 30.3572 44.1708 12.5322 17.9408 49.8946 22.1107 43.3473 28.7241 23.8073 44.2313 30.3906 24.0233 48.692 39.7688 15.1711
2
8.16652 16.5038 13.9999 15.4686 10.566 14.4585 10.9324 15.9103 7.27402 15.5127 9.16986 15.7295 5.11434 6.25081 8.32831 14.8364 7.84151 8.15778 14.2108 6.88606 10.1284 16.4115 9.56517 16.224 10.9846 9.12178 16.5537 14.0587 8.16783 5.57805 6.49699 14.4252 19.1513 12.0683 8.45521 14.5002 18.209 17.8321 4.20817 7.83309 19.1814 15.7091 17.1977 15.0536 9.48522 10.0474 6.99436 16.6204 4.92769 10.4327 16.851 12.1716 18.8899 13.8009 17.906 19.0408 15.4402 13.4974 17.5976 18.4998 15.9414 13.8453 11.8541 6.29267 4.71286 16.7846 4.61931 4.02108 19.3114 15.1453 18.2789 19.9455 14.9924 15.1165 6.54744 15.7635 8.91473 18.4751 17.3808 19.9285 5.65023 11.1349 13.4748 4.07032 9.56259 8.57974 9.91364 7.08184 17.6161 4.74344 8.5303 19.4322 18.1777 10.8977 12.5409 8.27067 9.37494 7.112 9.01648 19.8827
2
8.372 19.7757 14.4591 9.17001 16.5904 16.6826 16.4106 17.2367 13.3508 17.6934 12.8084 7.98507 6.85513 11.6683 8.21481 16.3701 18.3371 15.9242 4.96569 17.8268 9.68049 5.96594 17.4717 19.4097 6.48023 9.363 16.6177 16.2352 18.8586 11.0845 8.57313 14.5371 6.34865 9.60425 8.32652 6.64973 9.15709 7.08929 8.2558 11.2295 12.1203 8.98352 14.0473 8.0289 7.66487 16.2996 16.276 16.5347 8.08511 13.9314 9.95908 11.7823 17.4513 10.2991 18.3962 14.6601 9.45953 11.6401 17.6076 10.0152 9.53704 10.2582 13.6844 5.87329 15.5144 6.04232 17.3612 7.08579 7.17802 4.56961 16.1261 16.7156 11.0147 19.1028 16.1786 6.47493 14.4614 11.7962 6.54848 9.52769 7.97197 17.4224 5.68935 12.968 5.2143 8.93109 18.857 19.2883 7.70931 12.1545 10.5875 10.1495 12.2252 4.97018 16.5853 13.7649 19.2388 4.2342 11.3364 17.2107
2
15.3212 15.8471 14.4425 4.6828 9.59986 8.97101 19.8718 11.2514 17.1772 10.0757 11.5302 7.00034 19.4742 15.0558 16.6065 15.8033 15.6271 18.8525 12.3543 12.984 15.6711 17.7802 11.3776 16.9401 8.44355 7.21328 15.1677 18.1586 12.2697 11.6957 9.95272 8.68496 16.4927 12.5359 6.92434 11.1098 9.9114 9.94981 4.90197 10.1336 8.18751 12.814 13.4984 13.7739 12.285 9.0916 6.84881 11.2756 10.0042 5.99377 17.9658 14.7893 8.67366 8.93897 11.7829 7.87717 11.0607 4.37251 10.9488 11.9116 10.5653 15.509 8.43558 5.42745 5.75774 16.0602 5.02239 11.4906 6.3244 19.0107 17.7179 16.1465 6.48248 5.50357 5.18373 9.00945 17.9274 18.8998 12.2211 9.05633 18.3747 17.0722 7.38387 6.68706 11.7595 7.99721 11.7796 13.1139 16.1554 5.70776 17.1219 12.1426 7.47523 19.6683 11.0964 13.4072 11.0177 6.63527 16.1019 10.1224
2
17.6935 8.79791 8.67477 15.1456 17.4309 10.628 11.4549 13.6952 6.23808 4.69397 8.70915 14.0222 8.94663 14.5314 4.60024 13.9005 18.6607 12.1607 13.9201 13.5012 12.6686 11.9418 13.8751 7.40905 6.30487 12.2067 8.72769 13.8248 19.5751 16.4836 12.1075 14.7634 11.3556 18.1229 11.8031 5.06219 15.9811 12.1407 17.8485 16.0117 17.0329 6.08975 10.7155 15.42 9.13865 5.77087 10.4254 5.92515 14.5986 19.5986 11.3919 7.36627 17.6488 17.4319 11.8078 13.0275 7.17476 7.68385 18.3887 13.5661 18.6875 16.5213 7.28517 10.4376 6.37521 12.9687 17.9764 8.63053 4.04246 19.7275 16.9581 14.5237 13.7494 13.5231 4.03655 4.67733 8.96388 6.79424 6.0415 11.3716 11.0387 18.5339 6.77106 10.7047 9.82661 14.0974 9.97992 7.06336 15.2453 9.78793 4.2244 7.77718 18.6055 14.0337 18.3762 17.7706 14.5136 8.96748 12.6179 12.0243
3
7.37046 24.6295 20.0592 29.2407 27.0748 16.5677 11.6551 6.73021 6.7481 19.1737 12.1955 16.5148 26.9703 21.982 18.3849 8.13063 19.3987 10.0964 21.1114 26.9869 22.2449 24.0994 14.871 24.4845 9.85863 8.96652 20.472 17.0621 20.2626 9.32963 7.86111 26.513 14.4814 26.4335 19.9163 7.91678 11.5087 10.1287 12.0493 25.5299 16.7566 9.24506 8.46226 6.97777 11.8302 29.6892 29.9021 20.0934 15.4724 19.6097 21.7555 6.74561 15.5208 22.9742 17.3297 26.0006 9.72263 20.9021 9.16178 24.9611 15.2495 18.0953 15.2002 9.62614 8.75704 25.7131 16.7034 6.11585 28.8326 6.03326 26.6976 24.6046 6.6751 18.2428 25.8392 28.3066 24.8499 18.7041 12.5239 11.8568 29.9641 23.0376 12.0882 11.4329 23.1041 23.3673 15.9447 18.9594 29.8807 20.0709 19.4973 18.7396 21.9246 29.379 21.6785 10.8587 15.6762 6.16796 22.9526 11.7013
5
34.1769 40.0575 12.2359 10.3672 10.6751 44.2492 46.9885 44.5638 18.0799 18.4173 40.9752 27.2803 13.3797 12.9084 19.1665 17.5256 17.1982 48.1816 31.4589 32.8842 46.2908 20.0579 42.5999 23.0722 49.2187 28.0286 48.1801 25.6932 23.4797 17.4034 19.9735 19.9751 22.3776 36.0814 13.9069 44.2689 49.9119 16.7233 23.9399 33.0911 11.9694 45.1093 15.1375 39.4913 22.097 45.4611 19.2149 38.5246 10.1393 23.5109 25.8373 37.6125 32.021 18.0987 12.9552 29.5712 48.955 42.0776 29.4564 14.0904 34.3592 23.3107 13.4165 43.4426 36.7606 46.5386 39.2287 18.2045 36.9708 46.9005 16.8936 48.7725 47.8117 35.8882 36.7522 48.4522 34.6744 30.5171 42.9408 33.9043 45.1916 26.4923 48.8508 18.7273 26.305 46.1536 37.8744 35.9595 17.0089 21.9784 22.7167 35.2791 15.0518 46.4264 26.5563 10.6875 25.876 48.9048 39.335 44.4525
4
29.0471 32.9952 30.7276 16.5271 25.1656 20.9195 17.0926 14.1052 32.3907 10.8916 8.88341 14.7199 32.9118 34.2541 36.5418 32.2839 15.7766 38.4595 32.6844 24.4044 27.8762 27.7868 10.3073 28.9594 36.9004 37.8089 33.0241 27.4884 16.3896 19.7372 39.4613 31.5223 31.006 38.769 39.9384 31.9783 12.152 14.5602 27.5545 35.7434 10.0582 31.9519 9.80945 37.5735 20.4678 18.0721 30.8826 39.4307 28.041 21.9408 30.6949 13.3862 20.606 36.7013 34.8787 32.2119 24.38 8.60355 25.7818 31.7865 26.2859 12.8647 36.6287 21.4416 9.49038 8.53127 26.9659 30.3715 16.2869 32.4685 33.5142 14.2332 32.45 36.6016 10.5556 18.0604 39.1846 20.534 29.9778 35.6167 10.7969 31.6673 15.1014 37.3141 28.2103 28.9487 14.416 38.8202 14.4524 30.3698 13.3494 26.4801 14.2372 12.3425 18.1947 11.6778 27.7687 29.0774 34.3208 14.2621
4
36.2194 8.22704 33.6345 25.0581 9.38831 13.0075 39.8637 36.8291 21.1974 25.9854 17.3048 18.3671 39.0906 27.6848 30.4199 33.9366 19.3308 37.7607 36.8782 37.8891 22.8997 26.3242 23.9067 8.26661 31.2051 27.2296 39.2594 18.1794 37.219 14.9501 8.43135 18.5851 35.6737 10.6658 37.7415 10.0926 23.9375 27.1903 22.9099 9.41675 37.1993 14.3591 14.7536 24.108 25.583 38.5074 17.6272 33.183 28.8195 9.65912 16.2324 11.2797 24.1005 38.0553 10.4212 9.96434 14.7378 13.6443 37.6194 29.8119 39.2557 18.1606 10.4927 32.8885 12.539 19.4159 37.4832 37.2587 22.6631 25.429 13.8396 19.1427 19.0305 28.0171 30.7664 28.3498 11.4392 33.4768 22.3172 34.6116 19.7077 37.9765 21.6575 22.4406 13.4813 37.2875 38.3217 28.1399 25.8453 8.47752 16.0883 12.5871 24.3702 33.1928 19.1007 15.42 27.2126 36.1521 33.8558 20.2463
1
7.61455 3.80031 5.75399 9.86174 6.30686 3.15331 3.10103 8.18371 7.38152 8.05793 8.62201 7.30989 3.04225 5.64437 3.13067 4.20363 7.66631 4.29457 4.18007 3.08245 2.48997 9.57777 2.89098 9.3128 5.77497 5.42496 6.9017 5.43437 2.23718 2.82322 4.22087 4.59493 3.51872 4.31143 8.76421 6.67712 9.48477 6.55847 6.35669 4.3984 2.12634 5.30515 5.9813 4.6653 9.85027 8.95123 3.05554 8.46346 9.9377 5.06865 7.51709 6.56442 6.95214 2.1223 3.49978 2.33067 2.87868 6.67958 5.38116 2.9 8.7752 6.38993 8.98286 2.03058 9.71724 7.01571 6.70507 3.88788 4.8174 5.79548 5.37633 3.05473 6.1008 9.4212 3.59994 6.04581 2.01775 6.91029 7.37814 5.60777 5.3748 9.65411 4.79544 5.08624 3.46559 8.92382 6.5422 8.14098 6.18259 7.11515 5.0599 3.09043 5.89107 9.01305 3.08914 5.16692 8.84654 5.3577 8.40177 5.96375
2
6.71204 4.72724 17.8651 18.4671 14.7528 8.3341 5.31287 7.75689 11.2173 5.51421 10.1115 5.10402 12.4729 19.4147 15.0372 15.6228 11.3163 11.0695 16.8145 5.19625 14.1223 7.44916 17.1506 6.38762 6.34124 17.0631 9.77331 14.0608 18.6567 14.4255 17.7878 10.0206 6.11777 6.69825 15.6619 11.986 8.55724 7.82318 6.15478 14.2096 8.6079 5.4559 14.5001 11.0541 11.6306 10.014 6.15632 10.8402 11.8655 7.15196 10.4375 15.2767 9.12007 6.97537 16.3358 7.78694 4.30464 19.3069 10.8495 14.0424 18.1303 12.3163 6.12787 14.0176 5.2797 11.8278 17.7461 16.8772 4.364 6.61571 8.42307 6.00939 19.9789 17.003 7.49301 9.51688 17.1711 16.0733 12.4456 11.4783 12.6294 4.80961 18.8452 15.2928 10.9109 18.473 16.943 14.4202 18.0161 5.53236 5.29354 13.8292 16.6259 4.45877 11.6889 9.46541 15.3113 7.69643 19.723 13.0536
4
27.1298 9.81972 33.0984 39.9031 20.4152 27.8942 23.8733 32.6758 19.8356 35.2743 22.528 28.9635 38.3066 33.9568 30.009 9.68717 21.5304 36.2082 19.7994 31.7786 19.3556 18.2266 31.7649 11.2178 32.1401 39.0865 34.0635 13.4163 8.24049 27.0918 33.2458 13.0712 28.7526 23.6621 24.6683 13.6149 19.6303 18.8771 23.3477 16.3858 35.3054 24.8045 39.3784 9.64405 21.9349 16.7356 30.0401 27.5586 24.4 20.4544 28.7199 17.2898 17.1817 23.6651 18.7733 28.2925 19.2396 37.7023 24.4503 29.9651 9.01599 35.65 35.0105 15.7693 27.6932 12.993 26.1529 35.9451 34.8273 8.92762 30.885 32.9475 16.4838 30.4544 27.9565 33.7275 22.0004 21.3801 31.9825 12.9852 37.5017 26.3519 9.38063 29.5177 28.291 36.0507 20.2485 29.788 10.2434 31.6671 34.3047 32.8395 18.3269 18.7856 29.0201 10.6817 8.37458 8.80233 26.063 34.2705
4
24.3851 33.3426 11.1187 9.76989 23.1843 20.3319 39.0547 35.7745 27.8255 38.4803 20.0578 10.1638 35.047 39.6432 30.0468 33.2959 26.3808 14.7103 9.78575 28.9524 17.7305 36.7728 38.8656 30.9861 31.1631 19.1588 19.7115 29.6515 14.5385 23.9641 33.2404 9.24125 30.6012 12.701 11.7941 16.6542 21.1607 18.6921 38.9727 12.5208 27.9845 32.8329 33.9934 32.509 32.0288 22.3485 18.1994 10.4381 20.6322 30.1691 25.3448 30.8231 36.2977 22.5508 37.2797 26.4764 32.6869 24.5641 14.66 24.791 11.4526 35.0774 36.3087 38.3298 25.534 20.8597 24.8517 15.3476 26.5399 9.42676 16.2544 17.8686 21.845 20.2572 18.8837 34.9466 23.0238 30.002 19.7205 30.7306 11.2472 15.3141 31.3469 34.9637 25.2678 28.9208 17.3347 27.5367 37.6171 16.5667 21.6586 16.7251 28.6412 18.4496 35.7605 14.7317 35.9993 30.7765 8.88813 38.1608
3
14.8146 29.9038 13.2268 24.8753 28.3906 22.3221 18.5257 13.1137 29.9345 28.0216 19.96 22.2705 12.8031 13.2199 10.7642 26.88 29.4365 13.2977 6.08644 21.939 25.921 10.0246 9.14883 25.3665 6.70712 24.5871 28.2333 17.6866 8.32455 26.764 10.3369 22.2804 14.9383 10.5896 19.3399 7.54833 26.5904 16.8518 8.53154 18.329 16.9699 8.76683 7.33578 13.9164 27.5558 17.1753 12.0819 24.02 26.976 17.6028 28.6632 16.0119 10.4266 15.5287 24.9274 24.8039 27.9949 6.20801 12.643 22.6994 28.7295 9.38843 28.8852 20.5619 13.3028 25.2676 8.68434 9.64646 10.1074 28.0335 26.7822 7.43593 19.6318 23.3328 24.3381 20.8261 29.9589 10.0091 14.4302 10.004 20.2305 28.4568 14.1942 14.363 18.9217 27.9336 13.4449 7.79789 25.7695 11.1739 7.62257 16.7242 20.199 8.65018 8.90911 8.16552 21.0902 16.8223 27.3577 21.2524
3
21.469 6.16408 10.9551 9.06758 24.3989 26.2895 29.1818 19.8321 22.6944 7.02941 15.8238 28.2236 16.2651 22.4598 21.3852 14.8293 24.1137 15.7144 8.82294 12.5484 11.4065 14.8275 10.7531 20.9741 27.5585 11.2713 26.9076 10.4536 29.3031 26.6567 14.8084 28.2971 20.7138 11.0672 20.6293 17.603 20.1474 14.4929 23.213 21.1688 18.0781 22.8347 6.21348 8.95571 23.7893 7.9478 11.3304 13.577 16.8937 27.191 27.6067 16.2771 9.64999 21.9535 9.75636 15.8723 24.0441 26.6259 12.4916 23.1194 9.60476 17.4846 25.8189 16.9831 21.9215 28.9589 14.2712 25.2703 27.834 18.7491 21.0467 18.0987 29.2621 25.2643 12.0216 28.6711 27.6435 14.8488 28.6064 9.82142 28.9508 22.2659 24.4139 20.803 7.25313 17.9077 14.7085 24.7875 14.7944 21.1998 21.6043 23.5422 8.55439 25.6695 23.9823 13.7566 25.2633 27.1462 7.09358 23.484
1
2.79531 6.80375 9.69864 9.30234 3.20576 3.04924 8.93538 7.59963 2.8632 5.14811 4.20256 4.55018 2.5464 2.43215 4.67662 4.58106 7.08048 2.56415 5.09603 8.53502 6.74148 7.44176 4.66626 6.35972 5.29442 5.42987 8.11359 3.89113 6.19579 7.95296 9.4191 8.76256 6.49186 8.47845 8.76417 6.47028 9.94407 7.9225 3.21856 7.6272 8.9127 4.5094 5.70245 9.43579 6.5301 8.11578 4.75368 4.41146 8.69471 5.13101 3.63138 3.38773 5.41713 9.8649 7.28731 9.83429 3.04954 4.53404 3.73609 4.51944 2.92955 3.858 4.35562 9.54787 7.97001 2.29664 9.64894 6.80528 4.72573 3.95979 8.99874 7.84096 6.46861 9.22053 4.94584 6.2196 4.80224 2.06335 6.52279 9.37356 7.34732 8.19843 2.17391 4.98699 5.02919 7.97323 4.79306 6.94275 2.49857 2.11276 7.41024 7.86379 7.21693 2.31969 2.05846 3.27981 2.73758 8.76555 8.352 6.45083
4
32.5041 24.4936 24.1176 24.3223 14.8929 30.8924 26.5868 10.2283 29.1958 23.3284 17.2134 24.6394 33.7813 15.8638 29.4652 12.1602 22.2934 36.2029 18.6018 22.972 16.1354 14.5528 37.7638 13.6287 8.0715 26.7594 25.9942 35.9397 36.574 25.3442 15.8168 31.5662 34.5388 24.0663 39.9956 25.9549 31.9953 13.6341 17.101 19.2355 20.4355 14.1938 31.508 31.7045 10.387 38.2168 23.451 33.5238 21.8554 33.4138 24.7592 8.25585 11.2607 11.298 35.9005 23.8619 34.4929 31.0251 23.9554 32.7886 25.7115 36.1322 17.1481 26.7674 19.5148 29.8036 23.5598 27.951 20.1024 26.2857 21.6478 14.0143 9.05781 24.0778 22.1964 10.8414 15.3742 30.5239 17.325 18.4269 19.3503 15.4285 24.1774 19.6144 13.9797 31.3243 22.9175 9.29831 11.4596 10.0142 12.6573 21.7129 14.4436 33.0143 32.941 13.4349 11.6639 25.5216 38.4109 11.7239
2
15.6591 9.26027 18.2661 13.9408 17.4494 11.2429 11.3213 9.61928 15.1971 17.6069 14.8853 17.4825 19.7269 12.018 7.99618 19.833 18.1684 19.981 16.9492 16.0479 12.8508 12.1803 14.4925 16.1037 7.69084 7.32922 16.7981 12.3906 19.6368 5.09045 9.76913 10.3797 4.73034 7.63041 12.2469 10.7055 8.34891 8.36989 11.6796 15.225 5.19168 6.49348 7.81568 5.61787 18.5708 13.7802 19.9841 7.08863 8.57111 8.31817 13.5237 17.734 14.6401 17.6651 8.92464 4.13771 18.1717 6.01815 17.2447 7.75546 18.645 11.9546 9.36177 10.6523 4.88141 11.3067 18.6261 13.1552 18.9829 7.73233 16.4746 11.983 18.5129 9.5449 4.56924 19.4164 14.4828 19.3644 19.0228 12.0707 6.707 7.15209 18.2733 5.83347 10.0885 17.1917 14.1714 9.52952 5.39749 19.5792 9.84118 13.8763 4.10578 16.7842 15.8783 16.2915 4.83929 7.84441 4.44774 6.11605
5
45.3188 31.2953 42.7307 18.9587 18.6476 19.6377 21.1658 34.0897 28.4321 20.9197 39.0062 21.0881 22.3225 26.8231 43.3781 44.6297 48.4693 42.9107 37.7449 41.7828 15.5393 15.9935 40.8936 21.4127 18.3688 21.3941 13.1999 41.3731 45.0354 38.3852 30.952 36.7631 11.1294 12.0866 39.5151 22.5337 37.0061 30.0999 46.1169 43.7221 13.8008 12.1648 23.0365 16.5982 33.9861 41.1146 41.977 14.0023 32.2554 33.4163 10.4038 38.1553 32.5113 17.5729 30.6291 14.2249 46.7414 18.6714 12.4243 27.9255 41.5629 37.3574 19.9417 40.4371 38.2167 21.5162 43.7266 43.9201 21.7921 18.9436 18.6004 30.9115 25.4646 29.2867 38.1972 40.8804 45.5261 43.535 46.9341 37.2261 12.9906 49.3452 20.197 17.9991 17.5555 30.4791 13.5229 13.6262 29.7002 38.6364 31.5599 34.9221 16.703 25.9648 37.5868 44.6669 38.3582 16.5261 34.3723 36.0323
1
8.47342 4.92465 2.26664 8.62352 2.58848 9.37763 8.97806 9.65813 2.10696 7.29604 4.79069 8.69066 9.78078 8.08109 8.18569 8.07641 9.12604 2.52298 2.23772 8.91982 7.89428 3.97639 5.52774 6.53923 4.18472 6.99733 5.46269 9.4086 3.229 3.97259 3.03297 7.10766 6.87941 2.27329 4.03933 6.81149 3.83208 2.46344 9.82012 3.851 6.61625 4.095 6.51035 9.87535 7.38086 3.62062 9.86374 8.14779 6.50983 6.95531 8.66895 3.50596 6.09716 9.21821 3.79137 8.51806 6.31313 8.18592 5.87157 9.366 4.69288 7.98838 8.71185 4.9869 8.37864 3.57872 5.38188 7.00415 7.34676 2.50835 4.07498 9.97921 2.65087 6.53836 2.74601 7.51552 9.71245 5.61866 3.56236 3.74571 6.68995 6.76608 6.19907 3.73329 7.95784 2.37255 9.00954 8.32024 4.72666 8.47482 9.10288 8.9516 4.83559 9.51673 2.35935 4.00831 5.7485 8.13554 2.41495 4.17971
4
15.0048 23.0406 33.7413 34.3093 23.8116 33.391 37.9824 8.09106 39.5364 23.2629 9.2802 37.9157 23.764 39.3891 39.8982 9.35631 11.5577 25.3259 27.1712 35.2163 17.6983 9.48474 9.80448 19.1988 25.4494 21.3444 20.5108 18.5693 39.4727 15.4709 32.6109 9.43792 32.5191 26.9683 10.2206 34.2856 39.5196 21.9868 15.6523 23.3596 20.7022 34.9116 15.6534 29.5631 19.3586 39.8591 28.1078 24.4637 27.8869 36.1049 10.8253 11.0465 39.7339 35.0675 22.0443 32.8361 36.8641 28.4745 38.2716 19.0121 22.3772 25.3353 39.0859 21.1454 23.903 29.3451 16.5286 29.1768 33.3951 28.3459 22.7076 34.2657 16.9511 11.4686 25.2395 22.133 8.28226 37.5828 20.1541 36.5228 19.4594 34.6771 27.8868 12.4082 22.5586 9.79629 21.9842 14.5668 39.8326 13.1611 8.14756 21.1495 36.0323 8.09339 31.2391 31.8692 18.5042 30.3735 23.8759 8.43321
2
4.33063 6.64187 16.0265 16.5496 18.0738 19.7795 17.1433 14.3426 8.09207 7.97248 15.7788 5.9232 14.3797 11.1855 5.51385 13.439 15.6288 18.447 16.7347 9.49395 14.7204 8.85156 18.1206 16.1557 9.34883 13.9623 14.0463 8.64331 14.343 17.1749 10.4621 17.2583 18.2456 5.60664 5.81357 9.12142 16.7148 14.0712 7.5647 15.2775 13.3083 4.70386 14.8851 12.7311 10.2152 5.79857 8.06545 18.975 15.4952 9.41874 5.22246 12.5746 17.3903 11.3456 10.8568 17.3706 8.2693 4.92575 4.82601 19.8622 16.7694 16.3805 12.2944 17.3333 14.6962 17.1399 11.2239 18.2846 17.2449 16.7635 13.9668 12.7337 11.1053 4.01031 7.52346 13.9461 5.01354 15.6214 17.0282 5.15929 5.31219 8.37596 17.0245 12.862 11.0816 13.9851 11.0934 4.19253 15.4051 4.38438 12.3961 14.017 19.331 18.989 13.6953 15.251 5.09245 5.47245 7.4152 9.98717
5
46.5094 15.6302 23.857 10.1886 46.6425 25.8678 31.3142 18.4603 47.2558 13.3643 42.9335 24.5627 33.0541 40.7621 20.333 31.9221 11.2927 13.3481 17.5822 34.7171 32.6274 17.8509 37.9952 49.748 44.6706 46.3273 11.521 37.5369 46.537 45.9211 26.0145 38.4398 22.6592 45.2741 35.667 19.5523 24.154 38.3717 39.8791 18.1902 16.0225 36.6038 15.8569 17.7255 38.4624 29.8216 18.2126 41.5606 40.5763 47.1735 28.8499 41.0197 34.7564 38.4985 30.4177 42.9408 30.0259 27.0614 26.6106 32.7484 12.6197 34.4088 22.5998 18.7886 12.0854 48.1278 28.8739 13.7072 21.1848 33.2895 41.7722 38.6526 27.8787 38.3569 43.9908 26.0854 27.6748 16.3404 38.3431 26.9742 14.6212 31.9801 18.056 18.1604 39.2257 15.7383 26.8831 15.6726 31.583 35.3809 32.3159 49.7719 17.9902 25.9321 25.1744 47.5096 49.333 48.7802 48.8585 38.5782
4
18.6659 34.7141 12.8511 8.69437 20.3792 10.0233 23.9036 10.4889 18.6041 19.6173 29.6773 27.2118 8.16175 26.3002 38.5045 29.5394 22.8079 32.1567 35.2269 27.5369 25.5163 31.598 29.2619 35.1275 9.85806 39.2845 9.82647 38.5008 26.6022 21.0508 38.4447 24.5849 17.6612 11.9576 12.8633 37.7093 19.5074 9.59505 20.5003 16.5809 26.1854 38.7639 31.552 35.7002 26.0452 23.6579 25.8833 15.3421 30.3205 39.6732 23.8259 20.2254 15.6782 20.9705 11.01 34.9975 30.8635 23.913 11.3539 32.6581 21.5655 10.5071 26.3373 8.04766 23.6287 11.9697 14.6821 8.52504 38.7355 36.5478 30.5669 9.95979 34.6834 21.7144 38.5 38.1638 8.38429 10.8673 18.9744 15.8874 25.7081 38.6539 27.0326 39.505 32.298 17.0486 33.8633 37.515 37.4815 18.3068 29.5569 10.9795 33.401 14.9212 9.14412 16.0279 11.4915 32.7045 16.043 16.5506
3
14.7496 14.974 25.6245 9.60724 13.4409 9.90321 23.2805 20.9201 24.8845 18.1089 21.1363 16.6584 8.04998 11.0159 16.4297 21.3704 28.0472 24.4398 19.6105 20.2083 17.9803 22.3148 26.0174 13.5985 24.1262 15.8613 7.98744 24.2124 28.1548 19.4143 20.1172 12.456 6.11127 6.12965 12.3952 22.6979 25.8777 8.78737 7.92296 24.4531 22.8338 12.9114 11.9446 22.7427 27.4346 15.4234 8.90302 9.84688 16.4253 28.0507 26.2421 8.67182 29.41 26.7054 9.6729 7.94704 22.4951 22.0555 28.6227 27.4737 16.7244 24.5049 16.5869 29.6415 25.0263 18.8022 9.10022 23.4342 15.39 21.4965 24.0484 17.1402 29.9911 12.4594 7.03714 9.99028 9.98474 17.6909 6.53871 26.9376 9.68434 26.6301 29.5333 14.8019 25.8459 9.18639 18.3653 23.9943 17.776 15.7129 11.5327 26.0427 27.9816 13.1392 29.128 19.1368 7.08241 28.4819 21.6498 23.9096
5
14.3165 31.9061 24.6589 14.5973 39.6205 30.1844 45.1697 14.9463 39.7244 38.9459 26.8126 14.8034 29.545 29.6497 34.7262 40.9185 27.9025 30.7307 25.3732 18.9835 45.1696 31.8504 46.2306 10.2576 43.4808 41.9977 36.2453 11.4958 28.4094 22.8465 30.9594 44.5863 41.0182 28.7752 26.2124 32.3043 29.1897 14.9559 44.3259 46.5875 27.1424 24.9176 36.6782 45.7394 42.0395 38.9918 26.5738 26.9682 16.5959 15.0453 26.3145 10.6651 46.5904 22.9064 32.3788 42.8306 42.1885 23.8922 12.615 12.053 31.9825 16.841 49.3552 47.4478 38.6558 42.0587 12.3555 33.9614 25.1759 24.5824 25.4695 31.4476 20.4243 48.171 40.9606 33.9218 23.1686 21.4252 45.3599 35.4006 13.2825 27.4469 30.776 18.7309 49.1212 18.4409 35.5621 13.8165 39.9579 46.6678 48.2478 21.6488 32.387 33.1527 18.6412 10.5451 19.6013 45.5567 30.0075 41.0045
3
29.0066 19.7404 11.7237 18.5468 17.1927 9.99351 13.7927 15.8629 16.2551 26.4006 26.1879 15.5228 19.5335 29.972 28.7383 21.4175 12.7845 12.7384 21.3488 27.7198 20.2199 23.1338 21.726 11.6703 8.28746 13.4252 13.3303 6.64308 7.66126 9.1577 27.0224 26.4618 27.9122 26.5831 17.8742 25.9333 17.3256 10.0409 20.611 16.5687 6.33643 19.2617 17.1559 6.46021 27.0487 14.5592 11.7431 15.2819 7.31043 9.88288 23.0699 13.3848 11.8106 25.6966 20.9569 23.9528 8.66819 23.6549 8.98285 9.19026 25.9817 11.0435 28.5658 7.50876 8.80776 28.9545 9.95642 10.6819 13.0375 8.16352 25.615 11.9376 10.6403 10.6787 19.4382 13.9555 26.7417 12.9295 11.307 7.73993 15.0075 24.5646 6.42186 11.3347 11.7985 22.8275 20.8962 23.3512 11.5686 28.4783 17.0755 16.2768 19.973 7.23054 28.0514 28.532 27.1551 6.67237 12.8392 12.2476
3
15.8578 18.6916 22.5741 22.2218 8.48061 13.7249 6.70547 10.5744 24.8353 28.3154 12.327 24.7551 28.022 23.2655 25.5183 11.4699 15.1775 27.8848 27.3201 10.2363 19.6808 13.0696 27.4763 12.9169 14.4536 10.6893 24.0668 17.106 7.44964 15.8716 15.1266 28.963 26.4274 6.78253 26.3449 17.0865 8.09825 14.4927 28.937 17.0222 20.7459 13.5259 11.7834 15.9992 7.40884 9.68136 21.9299 21.4884 18.7212 11.7259 17.5424 27.1753 14.5048 11.5474 7.40961 27.9435 23.2061 7.36532 21.088 25.4603 14.2732 14.5904 11.7832 19.959 20.5637 14.9285 16.0596 13.8125 21.8814 16.3214 12.4753 10.4906 18.7306 18.3195 7.23182 22.4954 11.3869 19.4784 16.9368 11.8683 13.3738 17.3751 8.56988 28.8631 18.4415 29.8358 6.74727 28.378 14.1415 27.9706 8.37884 25.7404 21.0886 13.6074 22.8105 11.439 23.0077 23.72 9.54646 10.3959
5
32.6429 14.5651 48.5429 20.2536 17.2405 19.998 18.6892 10.0609 15.3557 40.8442 40.3802 39.6468 43.1184 48.999 19.3648 30.4735 12.817 36.2533 49.8475 19.3714 21.4072 38.4202 33.8928 33.6583 15.0685 28.8302 21.6406 26.6423 31.8386 15.7246 19.3682 33.0392 34.3579 48.0794 22.4257 33.8359 34.756 44.3908 40.0793 30.1302 23.7088 48.9527 49.2926 35.4796 25.7012 10.1593 24.4762 26.2892 12.5229 25.3613 40.2394 19.7708 17.0316 46.8101 14.1716 19.0035 39.2129 13.2187 26.6885 14.6283 26.569 21.4718 44.9718 42.7066 20.867 43.0158 48.0337 28.2747 13.2791 19.461 39.9398 34.1258 19.944 21.9258 48.2183 24.3496 19.9832 48.6546 14.4893 22.1618 48.0008 45.4418 14.3449 31.5545 23.1006 23.3914 13.5098 22.2986 26.4498 38.5448 17.3164 47.829 29.4219 47.9068 40.523 15.5454 44.3487 26.403 14.5079 39.0578
5
40.5453 13.7308 15.7405 18.8603 49.904 43.7754 24.5725 46.6679 22.363 25.127 27.8114 13.94 18.173 40.9532 24.3749 14.3235 41.4069 44.2197 37.7905 43.0073 35.3686 40.1781 23.5087 11.7614 15.9128 38.6821 13.5826 34.5053 44.0851 40.2355 45.1195 12.3129 29.4862 49.6796 28.9095 36.7591 45.7682 41.4264 44.6403 20.5154 49.6679 10.1427 39.1015 14.0999 24.9842 10.7931 33.7864 37.6889 22.9059 21.9461 38.2968 26.8953 20.0951 36.2513 35.9573 21.4205 45.9338 31.9933 18.0456 15.4865 40.3395 49.6282 13.0443 18.9537 33.555 47.209 27.3213 48.0311 49.3206 18.6073 23.6446 14.4849 22.8332 28.4359 33.9377 12.2523 34.8997 27.5793 32.682 30.3656 13.6899 43.2392 47.3726 11.0944 25.4965 27.3991 32.4332 22.2109 45.907 17.6167 42.9973 42.2849 32.795 34.0488 14.9607 27.9149 12.5364 26.6152 27.7128 21.802
2
8.52133 8.91299 18.7374 13.3189 4.37024 6.1414 10.1205 13.1337 8.68979 13.3827 7.16996 13.731 9.43727 8.57689 9.44345 17.0476 7.12534 5.61892 17.9824 10.8307 13.1993 13.8289 15.5196 14.0402 18.9036 7.36475 13.3328 10.8503 19.9503 18.8899 4.0558 9.56136 10.3012 11.8081 15.7605 18.7355 6.37763 5.37823 18.6217 8.86911 7.00877 19.0216 15.4774 11.9128 6.43196 14.1341 11.5975 18.9538 5.65733 15.7153 10.9722 12.3705 19.5091 8.12832 14.4345 8.77483 16.6563 19.3012 14.9268 9.05159 5.9449 11.6836 5.22734 11.8102 6.34458 18.271 17.4452 10.5593 9.82207 6.0082 9.59985 10.918 18.4538 8.88596 10.5952 12.1754 17.0901 5.04196 10.9023 13.5111 18.8841 8.17934 18.2622 13.1903 4.99714 15.6152 13.7219 5.04366 15.793 19.2713 11.3159 12.5468 14.8349 17.9198 12.7056 12.8105 14.9957 4.99641 4.08928 6.79485
3
11.7741 24.4209 12.7221 18.7566 28.4936 25.1658 15.7936 14.5337 10.6175 23.9003 8.23214 16.1345 19.1486 21.6046 11.7284 14.5928 19.4623 9.97409 11.1105 15.2031 26.7911 26.9253 20.751 12.5549 21.9539 12.9313 18.7659 14.6932 25.9215 14.2805 20.596 17.4986 7.81415 13.3525 17.5684 28.3824 26.9236 16.005 16.028 28.3889 7.35371 24.1651 10.6353 7.79871 13.8738 7.71866 19.424 24.3284 7.57802 19.7925 26.2104 23.018 9.94426 29.5218 17.9506 26.9017 25.8874 12.3972 22.6377 17.5554 18.3994 28.2855 11.3336 6.61349 17.3708 23.2172 13.9285 13.3507 19.187 9.03496 12.2225 29.4206 11.6932 8.99661 19.9224 9.84677 9.12204 27.4267 21.148 7.35784 11.5768 19.5097 21.0416 21.1626 25.6651 11.3197 12.0735 25.2573 24.8758 22.1789 25.6394 23.3593 22.2939 23.4402 12.5406 7.56163 26.2456 29.7865 21.9428 15.8004
5
13.7103 32.2902 34.3637 13.1328 35.5845 35.8898 45.2221 30.9553 36.2317 43.6877 25.2228 26.7019 39.1674 46.3804 15.3251 27.8158 36.8195 42.9109 19.9388 23.1144 19.1137 11.2825 21.6577 16.4123 26.7393 40.4998 21.6892 28.5368 23.6249 30.6648 45.5113 39.7641 33.1585 18.2627 23.2872 34.7102 32.6807 33.6653 24.5696 41.7068 30.7828 47.886 16.8266 28.6923 41.9422 15.6164 47.3183 47.651 43.0245 31.5752 37.8581 29.6308 46.1854 27.2019 31.9872 42.3706 32.7021 44.7264 24.0961 32.5687 22.2664 15.6442 30.0226 44.8242 42.2708 20.6306 28.6578 39.2806 11.6177 17.9236 14.0923 40.0065 43.5846 37.2076 47.8325 36.1397 42.2755 46.0284 10.6199 27.8314 37.1896 25.772 43.3828 19.0168 30.4392 44.2365 36.8526 49.0466 21.1482 41.8306 19.3768 45.2099 41.5609 18.4281 22.4581 48.1786 49.395 37.9106 13.552 12.406
2
17.4 13.8236 5.06663 7.92422 19.844 5.31683 6.88662 4.32066 12.6709 4.9624 10.2042 10.7185 19.077 5.09307 10.5033 16.559 13.3842 15.5314 7.82237 5.68116 15.4034 7.04038 6.95118 15.9877 16.3561 11.346 5.46504 8.46385 9.91177 12.2925 5.1583 14.1113 5.90769 18.6953 6.43971 7.35908 4.31094 9.45127 13.2523 14.5151 6.98643 5.47151 16.0799 9.82013 4.833 14.9972 4.60368 19.6662 9.85027 18.8618 17.5698 11.5436 13.6985 6.2625 17.4321 12.277 14.3143 11.6025 5.33154 8.11447 16.1444 10.9672 11.9747 15.2317 9.55983 4.79648 19.9748 9.21351 19.0141 9.31656 5.21667 14.0753 9.50585 19.292 16.809 15.3874 4.91074 8.66245 11.1854 6.06434 7.74327 7.62503 7.91816 13.3813 17.9122 10.726 18.8059 7.78112 4.03139 18.5233 5.79805 14.0336 4.84897 7.38337 15.3194 13.3098 14.357 9.97356 16.5558 12.7338
3
12.7832 16.5792 7.28621 17.0066 19.2437 24.9404 27.545 12.7955 21.8978 19.5237 8.53917 28.4794 20.2429 19.9069 17.4605 25.977 26.5478 12.2875 15.8969 9.49033 29.4126 10.1959 19.1344 17.5493 12.9297 18.8647 15.044 8.44709 22.9149 10.2216 9.02399 25.0339 13.6761 21.4764 15.4637 22.8385 6.79086 16.2695 14.2 23.4865 19.3585 17.3514 16.4338 13.3829 17.1983 17.7617 6.57619 21.6297 10.4601 23.4761 12.4916 25.1449 7.11858 10.491 10.6089 6.95415 25.8171 17.313 26.3669 19.6213 15.5324 23.8238 28.4645 15.7888 15.528 17.4879 13.384 29.7953 7.0639 29.8719 10.6556 28.3396 18.3332 28.4458 9.33294 26.1599 18.0936 10.6325 28.147 12.6969 27.4616 29.0762 29.8089 9.70957 21.3403 27.0977 9.92886 9.81215 12.9471 17.3057 21.0205 7.90137 24.9119 14.3321 18.06 7.4427 16.4135 26.661 18.067 9.58398
5
11.1211 13.9565 47.3797 30.7529 10.9103 40.2527 45.6129 26.2745 19.4242 18.501 46.2976 47.7888 40.7034 43.5742 35.8406 12.5555 23.0432 49.7456 37.4006 26.1563 43.4028 11.7842 24.4589 28.239 31.4265 22.262 37.8299 49.5528 43.2323 37.7315 41.2678 37.9316 25.1261 16.4292 20.8258 20.8816 17.3949 20.1606 43.124 22.4287 38.3383 23.0245 37.6822 41.8825 18.6916 19.6311 38.4737 12.1733 46.5998 35.4712 29.8572 25.4177 33.2957 12.0931 32.0413 43.37 39.6409 29.7418 31.2401 40.4147 33.6842 20.1189 49.674 16.7564 19.3944 11.9177 20.5741 49.4649 46.7244 41.7908 23.3435 39.0294 23.1608 33.4058 44.0359 19.0794 16.9177 37.2456 36.3031 26.9289 31.9297 33.8102 27.9716 22.5994 44.7993 32.8747 28.4017 33.9774 23.858 11.4613 21.7877 35.7646 20.4937 43.1809 21.5534 39.8751 32.9036 21.6002 11.0003 44.9368
1
4.1052 9.9584 8.66758 4.89878 5.84056 2.17974 3.85818 9.58779 9.1655 3.31457 2.80924 7.36805 6.20421 7.79952 4.6499 2.26536 2.0729 5.16879 8.82273 7.60367 3.94992 9.54873 8.24686 3.23729 2.43356 7.35416 6.2219 3.68778 6.59363 7.09248 3.47882 2.09194 4.12319 9.18203 7.78407 4.86707 7.99661 3.69087 8.50313 5.99978 9.04022 9.90214 4.52982 7.86454 7.82182 5.61239 7.9876 5.47833 5.26526 4.06909 4.10899 5.09752 9.39642 2.45345 9.69962 6.0633 5.62673 7.81505 6.59287 4.80193 7.98058 4.36424 8.50153 9.88596 6.6728 8.02875 9.67271 3.06281 5.44252 4.18076 5.75218 7.15682 8.04958 6.44059 7.26446 7.7511 7.33982 4.46324 8.11486 5.55548 8.2855 2.61421 9.51976 6.36662 6.40697 9.44062 9.77136 5.5268 4.98204 7.8441 8.24314 9.78737 4.44915 9.86146 2.04235 5.4833 3.41062 5.95963 3.71558 7.92502
2
14.3398 18.7573 9.26903 19.194 8.05261 12.048 18.0531 12.5264 11.6326 10.281 8.19942 13.1757 6.11578 12.7246 15.807 14.0471 5.55262 13.5801 8.08185 16.6769 13.2345 16.6109 5.59126 10.3973 4.11608 13.2327 15.4951 4.24368 7.99659 15.6292 12.3175 13.1677 4.02243 16.4539 14.8213 16.1192 13.0736 6.68142 7.54664 19.558 10.5961 11.1711 19.5784 11.9591 6.44394 9.50451 5.10254 14.8739 18.2911 13.6606 6.31548 8.10893 5.17872 18.0893 11.2486 6.58602 7.75755 5.74794 11.0699 10.4449 9.78967 5.66138 13.4262 17.9518 15.4714 9.5696 12.3874 6.77639 9.1399 7.22438 15.5562 17.1991 11.9262 19.898 8.90493 10.8117 5.91698 15.6662 15.9027 14.2733 12.3875 10.0284 11.4953 5.68527 6.66867 19.4272 15.4992 13.1459 12.2098 19.2292 5.97472 19.0487 16.401 13.7313 17.1374 19.6864 10.7159 9.75327 6.37318 17.723
4
8.3605 19.559 16.6647 16.7177 30.7876 10.6693 9.6448 36.1193 10.2467 30.1979 13.6718 33.2498 17.4053 39.0664 31.7346 16.9539 32.5512 17.1916 22.5632 33.5858 9.57918 39.9858 12.1825 37.7803 29.7676 32.5538 33.5692 24.2327 31.9715 26.2132 9.03693 17.1144 21.8568 21.9606 17.9752 33.7477 38.8002 13.5115 24.5672 19.1655 31.0803 26.5365 36.1102 12.1808 21.9848 38.7198 38.5656 11.5911 29.4582 37.2658 23.9614 11.142 9.91647 30.4766 16.274 39.8768 8.85177 30.0284 10.4133 20.494 36.8538 28.5687 34.9358 34.3414 29.6719 37.2614 13.1121 21.669 34.9433 31.9046 32.9722 33.7667 8.21205 16.2448 12.9548 17.6118 16.8647 35.1136 29.7847 9.65195 26.606 10.0126 23.2038 23.3466 21.1016 13.7689 32.1811 11.0945 29.4111 8.88949 13.2256 33.1698 27.8373 34.2366 27.428 38.294 10.8163 8.65137 22.8556 12.467
5
29.8622 12.8638 30.8151 17.0399 47.1047 12.7306 11.5017 27.3851 45.2969 29.4329 42.3724 38.2164 32.0328 39.0667 35.5587 29.2854 48.3596 33.3331 17.7653 19.3183 45.9113 43.9141 47.8357 49.1235 16.8201 11.8516 12.1718 46.0303 29.0577 17.0848 35.6632 49.814 29.8671 33.3024 15.7834 10.2646 49.9375 23.2665 37.5085 16.5544 10.9807 39.7628 36.7154 28.561 29.3647 47.3361 49.7148 30.3029 38.4606 29.9644 36.5756 15.6423 42.3586 39.8298 35.8975 26.4128 43.6111 12.3418 18.6874 33.1271 17.6564 22.569 18.9957 18.4224 36.5823 28.2365 48.97 33.3977 14.8829 34.4432 35.9806 47.0016 39.8673 25.2578 29.4755 18.6248 19.3753 17.3482 15.2203 34.0549 29.4557 40.7997 44.5804 34.9488 34.6655 22.2816 36.4999 41.9801 23.6436 35.7137 19.8354 21.8165 12.6177 35.5938 33.6994 38.084 19.4992 38.1383 33.4703 16.4747
4
16.2602 12.5037 24.8917 34.6358 31.9227 14.3124 16.4443 21.9815 17.7195 30.4296 32.6834 10.5326 15.8983 28.7626 32.1643 18.4752 38.8911 22.4158 39.244 10.283 31.984 38.5972 25.8253 12.5278 25.0436 30.7381 24.9714 12.7143 8.92527 15.4501 32.0143 38.7659 8.18768 19.946 24.782 24.7862 29.7393 9.54758 26.57 36.7202 23.0416 36.9068 15.4826 31.5413 27.4934 30.565 35.7669 27.5887 18.6224 24.4745 10.7678 35.6798 28.708 38.1084 13.1252 36.6238 37.4612 8.78351 27.8419 10.7599 32.3854 25.8206 11.8451 33.1459 38.4446 36.168 37.6662 8.02307 20.6627 23.113 28.8666 32.1802 19.28 35.7057 10.8307 16.8442 21.0905 30.5216 16.5542 21.72 38.5868 39.3865 11.0513 10.8068 12.5358 32.6891 14.0059 19.6139 25.6119 39.907 32.292 35.4029 10.7109 8.97057 29.9883 20.0791 33.571 14.089 11.512 33.359
5
17.8046 37.9489 39.0233 48.6832 27.4925 32.4759 22.7773 20.8823 10.1339 30.5418 36.7383 41.6035 44.4172 41.8758 33.0349 14.932 24.6639 27.0078 45.893 35.3777 24.1053 19.9983 23.2831 10.5579 25.8753 22.675 19.4865 29.8382 30.6275 41.7811 42.4892 15.3405 39.6821 10.4431 20.1081 41.7221 22.6083 25.3635 38.7571 41.1337 28.1498 21.145 18.7573 19.761 47.3977 13.1521 40.1006 42.3578 48.1194 10.3166 22.5693 11.1757 49.1479 29.293 34.1218 35.6972 33.7382 11.371 31.4472 39.5781 30.7978 13.5496 46.5969 21.2057 22.8963 15.1806 43.6001 34.2791 29.962 11.5873 38.967 44.8174 47.5697 36.064 49.9883 31.0027 48.7278 41.6638 44.7362 22.2637 28.0697 24.1799 37.6733 24.0062 37.3569 17.7266 44.7755 24.397 11.1983 44.3275 22.0756 49.6071 31.8943 28.9157 41.5331 43.9204 12.3098 21.1526 48.1376 41.1154
5
46.7377 26.8219 25.9018 48.9993 44.9127 17.9682 49.9719 10.2169 24.4448 15.0164 33.7843 43.9779 13.63 44.6319 10.4814 22.3725 25.7918 24.676 42.0237 17.3299 23.1535 24.4728 42.3058 12.5703 35.645 33.0183 14.3479 18.8906 45.4236 38.4119 17.3436 21.0633 17.8931 31.7932 29.3438 34.6305 29.9997 39.0638 41.3598 40.8742 16.5866 13.6761 48.6663 18.2439 25.5904 33.7704 15.0848 18.5236 42.8574 16.9413 16.0295 46.018 17.364 15.915 16.0963 28.0404 47.6205 48.4179 26.9776 14.9834 20.0404 24.519 41.4812 38.2528 40.0566 24.7261 29.4384 24.3465 46.7647 32.1184 11.2792 13.3608 11.8761 31.795 35.0576 20.2022 13.7614 40.9227 12.708 46.7902 47.3644 42.662 21.3138 43.5284 40.7705 47.2546 45.1691 28.3276 39.2078 33.5525 24.4157 21.4616 47.2644 14.2704 46.0353 24.5362 30.1017 38.2421 42.9797 41.8539
4
17.1052 28.124 11.4781 18.3108 32.2773 35.1648 18.4328 15.6047 21.7039 29.0878 26.6131 32.107 28.1374 32.1212 10.395 31.0479 27.5918 32.9736 11.5274 36.2711 33.9881 14.8433 25.3884 10.7445 17.052 34.9611 25.5554 8.66589 29.5882 33.7902 14.8152 27.2897 20.257 20.0111 30.7376 16.5993 31.9771 37.413 9.94005 32.9506 22.0818 31.8194 31.1649 18.81 20.3503 32.1717 25.2976 10.7147 37.0426 11.8958 32.4485 17.5773 37.0604 20.6771 14.2243 35.4623 16.3602 32.7684 29.3144 32.957 32.7435 21.9567 20.516 37.2645 19.1485 13.3125 37.3238 11.1413 15.5697 29.8472 30.2099 18.8061 23.7279 20.2048 24.7169 34.9445 8.61919 21.5103 19.4918 38.9335 35.0638 19.5026 16.3833 20.4131 23.3835 32.0747 22.7287 10.3273 24.3301 22.3477 33.9563 35.5614 33.3913 23.4027 12.6256 31.3003 36.5979 32.7957 16.0332 9.23163
2
9.03675 19.7882 18.8984 12.0061 11.8082 18.3882 16.2636 6.4407 11.3437 11.707 7.34166 13.3073 13.9019 16.7148 4.73702 12.3829 8.70635 16.7935 12.2371 18.9464 15.7756 14.2676 11.1567 17.3621 13.4848 12.9945 6.3202 7.13018 6.67156 4.82669 18.4938 5.21401 4.09808 5.75887 10.0806 12.4596 14.082 15.5718 6.89091 19.9176 11.1092 18.7859 10.7999 6.88145 6.23989 4.73704 6.1059 14.4535 6.12177 4.58646 14.4013 14.4524 17.4218 19.0783 12.7683 17.4737 17.4895 18.8563 14.1127 19.9158 8.06416 11.1529 4.44805 17.7851 16.8384 10.6625 11.9417 15.0909 11.6911 12.4121 10.537 6.64464 16.401 4.44154 4.96275 15.0742 16.6552 14.1055 7.94266 9.86714 17.1633 9.81063 8.41788 4.25402 6.69099 11.9988 17.5945 5.74585 7.82466 19.1912 11.6289 12.1368 8.28042 14.9032 9.76294 8.78532 6.56923 5.24484 18.7225 6.98642
5
23.6598 25.2553 39.4845 41.0404 40.3356 19.784 25.5474 40.836 40.8739 40.8099 18.4041 26.0963 35.5448 16.0175 40.8354 48.7821 35.9625 34.6251 36.1916 23.9972 15.5346 13.3913 38.3262 17.3726 45.4803 32.6045 21.551 28.1381 37.8245 15.9624 27.0191 26.7854 16.772 38.2459 11.9433 16.23 49.8704 34.6949 38.0544 15.3775 20.3662 15.9925 25.7068 34.0019 32.1614 22.7631 30.0373 37.8402 48.7759 23.4902 45.5834 32.8105 17.7231 49.7623 35.7672 47.261 21.704 32.7504 13.6516 41.154 48.0267 14.8252 10.374 21.092 17.6566 20.2199 17.6657 10.0938 45.3051 38.6443 40.8604 11.0234 31.9613 25.7569 48.8012 32.5819 21.2745 34.4012 17.0499 16.7647 41.1925 40.5126 30.8062 36.6943 42.2628 37.6016 23.9422 23.7311 34.0026 23.72 20.5594 12.7713 10.7439 34.8166 35.4736 24.6366 28.3596 28.3881 40.0342 34.463
1
4.9245 9.92141 9.89174 5.2596 8.64427 3.00364 6.55967 3.35758 6.61697 8.97851 7.87337 9.70881 7.16039 5.0041 4.64912 6.50715 8.84821 9.75732 8.7624 7.81421 6.35351 8.61286 9.10968 8.15755 2.44299 3.19964 2.79928 7.83443 6.77846 4.49094 7.22742 3.07738 4.18163 6.5845 8.69589 7.2378 5.01851 4.32871 5.22729 3.14395 4.3598 7.95136 7.23449 8.78943 6.57326 9.84702 5.70013 8.50855 2.0046 4.67938 7.5228 7.7947 8.40289 5.95476 7.6859 7.91804 3.74689 4.22308 9.90543 2.49884 3.12854 6.06251 9.41321 4.19255 6.34979 7.00411 5.53144 7.64292 8.88905 9.55257 9.69508 4.85957 6.89357 7.45944 8.57825 3.17595 8.85388 3.40511 3.98088 5.94423 4.61668 9.24561 5.1318 6.12328 4.39229 3.9807 3.06466 4.91582 6.41305 2.59938 6.72285 5.61132 9.89878 6.95903 6.44961 6.79056 7.98569 3.85458 4.51969 5.04838
3
19.6177 17.9381 25.4209 15.1644 24.737 8.46367 28.8328 13.5756 10.8378 8.98188 26.2075 18.0047 6.48074 21.2273 26.3946 14.1566 25.3181 11.3187 9.61472 17.0046 16.9435 22.6529 18.6535 23.3843 16.3294 15.4721 21.1904 14.5584 22.4452 9.19906 12.8548 11.8441 6.65026 29.6315 20.6049 26.3995 25.4561 17.0925 8.02112 14.2611 10.2505 25.6291 26.1093 25.7258 12.5778 17.3518 23.2072 24.1733 9.56965 26.0117 29.5867 7.4194 12.1184 29.9053 22.348 14.6976 24.389 8.20475 6.19707 16.3595 9.26112 12.803 11.7013 25.3901 20.2968 21.7715 6.6171 7.82986 18.8266 18.5216 9.88309 15.1996 28.7477 26.7648 7.8723 8.01906 15.6292 29.3642 22.4976 21.5157 10.716 17.1734 14.7637 10.6153 22.4273 11.9529 9.36031 13.3098 27.9421 9.46174 15.8884 29.4946 7.46625 10.8152 24.3155 26.3704 13.7736 28.2035 22.2529 7.50251
4
34.5461 36.2514 16.6851 36.3901 14.7305 36.6668 26.1847 34.9013 11.5827 20.9641 38.7754 37.1459 26.0007 25.567 25.1004 32.3124 26.1425 36.3822 29.6205 22.955 30.3041 28.8675 35.7223 17.6204 30.1668 15.6249 12.0102 8.81376 14.0381 19.144 35.403 33.9261 37.7116 23.3211 10.664 8.75093 10.5721 29.3784 17.9861 23.2126 24.5687 29.809 24.2598 36.9336 13.6826 9.97171 37.647 32.2639 35.5137 30.9618 33.087 26.3989 10.6121 39.3817 8.35863 24.2093 35.1774 17.6376 26.3247 33.4103 22.7539 8.38565 10.9823 15.692 30.5432 34.7546 32.9454 39.4392 9.96209 9.96777 35.9836 11.6632 33.0691 25.9913 12.243 38.7714 38.4854 10.8323 9.77315 9.80082 36.4346 24.112 35.9863 11.7382 24.5272 36.5408 24.6724 26.5539 25.9132 30.9165 10.1971 23.5734 29.4301 22.2752 20.5047 32.8113 35.3689 18.8156 8.55396 16.8941
5
39.3674 25.0535 23.4447 18.3955 22.3156 20.3116 13.6524 32.1872 28.3308 29.1582 15.8712 19.8837 31.13 16.6535 36.4326 39.7255 10.5658 37.6448 24.5221 34.3938 43.6181 34.5757 46.5813 29.4366 14.4321 49.3798 35.4576 42.7315 37.3071 25.8648 13.2095 46.3931 16.5443 28.9943 16.4722 12.5299 17.0572 37.4721 43.291 44.258 49.6541 36.0361 30.3281 43.3772 44.8961 23.8685 39.3491 16.116 39.4385 45.5272 41.8956 48.3516 48.7612 40.8058 21.0499 31.7114 30.1945 39.928 39.1987 31.9617 30.1468 40.4832 10.7011 41.0912 19.4397 32.5079 48.3678 24.4934 10.6581 48.1216 22.6578 24.6561 21.4197 42.1214 22.4982 12.7632 17.4719 19.9428 16.6344 29.6157 19.5212 39.3916 24.4153 47.2774 47.7022 42.5556 34.9222 32.8521 27.5916 44.2988 43.345 25.7982 31.6738 13.7482 23.5141 10.1879 40.1649 35.1761 25.4922 13.3153
1
2.42587 4.56866 6.83014 2.38313 8.03855 2.56415 4.19286 7.8423 9.11043 5.89582 8.67983 9.89042 9.7578 6.70925 8.29912 5.21828 6.99015 6.07603 9.44597 9.01068 8.06983 5.15187 5.96294 6.91827 5.81166 2.12626 4.468 2.39907 6.97872 8.6198 6.10708 2.08576 2.93059 5.18563 6.88706 7.83517 5.68025 5.57099 8.74568 6.11617 2.51596 9.39547 3.51441 3.3921 4.34432 8.90177 5.93078 6.15417 4.91074 9.43573 5.85609 6.26196 6.05367 9.31137 7.85513 2.24725 2.1487 6.71761 8.29381 9.23757 2.89888 7.32266 2.11121 4.15553 7.6275 8.23243 9.42212 2.85035 6.22955 7.95918 2.10649 3.81778 3.93808 6.05673 4.54182 7.16456 5.06182 6.07835 4.635 7.47383 4.85019 5.51371 9.30962 5.22768 8.64204 6.36102 4.60511 3.44304 3.45428 9.99078 6.54403 6.17718 9.16678 9.95716 6.92354 5.55916 2.4596 6.4135 4.18755 2.00337
1
7.63987 9.68089 8.44265 5.3666 8.04522 2.82627 9.80974 8.04303 6.90424 4.83726 3.64683 3.48642 7.60823 9.15111 4.10173 3.58429 6.44759 8.48314 9.40663 9.97612 3.43559 3.12037 5.9247 6.91753 4.33565 4.23898 9.16596 9.18391 9.92364 8.77705 2.8037 6.54499 6.51614 4.39363 6.7225 8.34132 5.79618 9.04559 3.1294 9.69415 7.9675 7.71325 3.75917 6.87984 4.26877 2.80635 7.20517 7.40002 8.87881 4.78132 5.4069 6.27888 8.24429 7.50129 8.3255 6.11867 5.86095 2.87001 9.83861 8.44486 6.53974 3.27095 3.88556 9.872 2.18906 2.3428 9.89446 6.62166 7.14431 6.62268 4.52212 4.92374 9.07619 8.58827 2.73834 4.83222 7.50868 5.63007 5.28563 6.98678 9.97828 3.48519 3.54564 5.85147 9.86555 8.66368 2.84363 6.96164 3.93029 8.3989 3.22217 3.71049 5.58151 2.653 6.71532 3.2063 3.91366 2.70886 2.1545 8.73188
1
3.19561 6.30975 8.44442 3.0548 5.45391 2.34496 9.3588 6.825 5.4236 5.30856 6.99099 2.57053 5.28492 3.91077 3.02098 9.83632 7.378 6.43546 4.73625 6.4936 5.68952 5.12786 2.18958 5.6932 7.28323 6.94013 3.75385 4.88 3.08056 4.54109 6.48006 5.77454 9.39757 3.4964 3.66479 2.22823 7.64456 7.52534 6.03339 2.85839 3.59442 9.74056 6.94522 5.36918 5.62619 7.77695 8.02699 9.46499 3.34988 6.71593 7.64064 5.26225 6.01893 7.71142 8.59197 4.10604 2.13652 6.22369 7.48616 4.6978 7.66197 9.76739 2.13663 5.44021 4.22345 7.07999 7.43321 7.90573 2.7434 6.61684 8.0762 6.33487 5.88262 8.27922 2.58231 8.07044 4.70965 6.2815 6.96881 3.83418 3.00135 3.06368 8.52225 8.75188 8.58116 8.15564 6.05775 9.0333 5.10115 5.89931 3.07542 3.21306 7.67425 5.93494 6.21991 8.85893 3.76274 4.35784 3.44943 3.65358
3
28.5483 14.9402 28.7801 10.8176 11.6177 12.4763 26.1804 26.3234 9.77581 14.0019 15.3119 28.2895 27.3856 24.2227 14.1036 28.5145 11.4058 26.4212 21.1183 8.05013 11.1777 25.6826 16.4274 10.0282 19.0984 28.407 19.5459 17.6947 18.028 29.4527 13.2703 27.9972 23.271 12.253 28.2658 17.0676 8.97766 21.2514 17.2426 27.9449 22.8085 11.9976 17.5694 16.8818 6.70594 6.24978 27.1641 12.5775 23.6162 29.4256 8.50788 20.683 12.0061 9.74591 9.62538 23.9194 20.0176 16.4154 12.875 26.1566 29.1044 20.1833 16.3928 22.7924 18.9947 21.6286 19.0342 25.7791 19.8227 6.51286 17.6572 13.6388 23.2735 9.54449 11.5896 18.8128 14.5853 21.8989 15.1265 18.6879 9.25168 11.8372 12.8995 22.6443 8.26904 21.7684 14.9621 9.46704 7.7714 23.0975 14.4357 23.4673 12.8978 8.20466 16.5588 23.6552 11.735 12.8979 25.9844 22.3084
4
25.2262 10.6275 17.967 8.51013 27.2039 31.7985 38.9674 8.15518 19.6577 37.0855 27.0299 38.1046 37.727 14.6836 39.8639 20.1835 35.824 23.1408 14.0855 9.42508 15.5517 19.9461 11.5144 36.742 27.0371 25.44 33.2002 26.2322 18.3063 14.6718 35.8019 31.7442 27.3248 25.8299 24.9462 21.3278 35.3297 21.8681 12.1886 14.194 24.0766 9.95584 14.204 38.8097 19.6293 35.3743 24.83 28.7529 9.31383 26.4855 26.5889 36.9514 10.4644 19.3985 20.3139 36.9327 33.5854 18.9575 27.5026 27.7072 10.5538 8.67804 28.0251 14.9127 22.4882 22.2547 27.8101 24.842 17.9087 37.2663 11.1344 27.982 11.8127 35.7034 20.1415 8.68599 36.2914 39.9432 36.2129 9.60702 17.3133 36.7965 17.8188 19.5149 16.2975 30.2519 9.47133 29.124 35.104 23.5425 20.4074 11.5547 31.0644 27.1596 19.6241 8.05601 28.6789 37.4388 17.8931 27.6114
2
8.08131 8.40224 13.211 17.1702 8.32967 15.3238 4.27168 7.71274 13.1668 11.5403 15.6098 10.4796 5.73352 11.7626 7.45186 16.327 10.9041 6.1243 10.398 19.2062 13.9147 6.22231 15.5039 9.47854 11.6641 13.7208 9.0667 18.324 13.7505 9.58145 19.1775 9.30796 6.30554 17.9814 13.1028 9.16735 7.68867 14.9834 16.558 9.87892 13.105 16.0181 13.9345 10.0724 13.208 8.24322 8.54364 7.85072 19.7498 5.84111 17.9399 17.0803 19.3427 14.3168 7.38509 7.21308 4.39271 13.8599 8.5176 6.70368 10.2689 11.8326 18.2873 6.08357 11.7703 10.4458 13.2202 4.75504 15.9534 11.6861 18.0742 5.5674 4.38248 9.55729 11.9498 5.23789 5.86511 19.6962 18.9159 16.6798 8.73564 8.42857 14.2165 19.3005 17.749 19.3247 17.1178 9.33103 4.64751 15.3195 9.45939 6.25168 17.4626 14.4579 10.973 19.3734 13.615 13.329 6.42937 14.6399
3
11.4922 6.68541 14.2248 28.0194 8.50528 26.3092 10.6595 16.352 23.3598 20.4012 11.5093 16.2993 13.5209 26.7851 8.1266 20.2313 6.53108 24.6222 19.1532 25.888 7.37911 20.7629 17.6805 23.1436 24.1304 17.4763 23.78 21.0063 13.5374 6.77754 11.1228 11.0769 10.3484 22.5701 26.4078 9.68117 14.034 23.824 14.3166 14.8967 28.6502 12.0061 22.7132 8.69285 9.55577 23.9838 28.8094 20.4019 28.7037 7.61885 25.0124 9.74065 16.2252 25.2709 25.1745 29.6008 26.0249 12.4299 17.9633 6.8274 11.1059 28.6953 20.0714 21.2041 20.3437 24.3213 27.9843 24.8627 6.4273 23.5465 9.0248 14.3382 24.6871 23.9278 6.39331 17.4851 24.5272 20.895 6.92242 7.47651 25.1819 20.7481 18.2646 6.10268 9.51413 7.31267 16.2316 20.5892 27.5759 25.4747 29.0047 16.1526 23.6478 22.8122 6.93439 12.5125 10.478 8.54242 20.6475 14.5794
5
14.8123 19.0949 33.839 43.9555 48.55 32.1974 33.4944 46.0756 27.3853 20.9854 48.1741 33.8982 40.7244 23.9688 22.5665 26.124 11.6865 17.548 30.035 27.3284 37.4137 21.1287 22.6262 45.6071 22.2548 41.3993 32.1547 48.8373 22.7277 37.1777 46.2713 45.9613 13.169 16.233 33.4196 49.6974 30.9753 25.4885 40.5888 47.0866 30.3432 46.0118 17.7674 34.279 23.414 14.1998 33.0055 21.9674 17.7295 40.5631 31.9908 47.8745 28.9051 27.5165 26.0452 42.6988 17.4266 17.583 42.448 45.9275 48.476 13.4158 20.992 37.9196 23.6947 21.0456 10.679 24.6691 23.7876 37.7596 30.46 21.6513 30.8767 36.0181 47.9282 33.1603 49.509 44.8139 19.8688 13.5437 15.2255 39.8835 28.5737 46.74 49.5978 44.1732 37.826 30.5261 30.6376 49.9685 42.4621 41.8799 17.4869 24.0921 35.4153 49.8656 38.2931 27.5774 26.1501 12.446
3
9.51546 9.87838 19.8898 22.9639 22.4363 12.0832 12.981 11.8845 23.7081 10.0484 16.2467 19.3615 27.6029 12.1362 19.4376 20.1914 29.5555 8.85021 12.5908 26.4052 8.74039 11.2406 27.0125 19.2955 24.8277 18.7942 8.924 27.1606 13.3869 20.7767 9.24105 11.7372 18.4081 20.9959 26.9531 24.2874 22.4072 9.95612 25.573 18.3111 28.5867 6.37059 24.1254 7.8516 23.5191 8.0017 26.1416 18.3627 6.82126 9.79784 12.132 27.107 16.2902 13.2952 11.0015 24.0537 10.9675 29.2535 7.88038 18.2445 8.60176 9.49452 27.8358 12.5964 15.9781 9.91145 20.9356 24.1108 16.5824 28.6192 20.1314 16.4563 22.0706 25.2132 17.4301 25.8956 8.01022 9.10522 17.8233 23.5238 16.3639 18.907 16.4423 22.7876 17.1834 12.8277 10.4078 11.2545 15.9829 8.05559 18.8441 11.5994 11.2599 21.0931 18.5242 6.77874 12.6333 15.0121 20.6173 22.3606
3
27.1745 16.5221 25.1767 14.2001 12.8411 22.2382 13.9643 8.28817 7.2827 18.6729 10.9947 15.9964 22.4123 25.7872 6.84033 6.19412 9.80459 10.1474 23.5251 13.5489 8.0527 11.9535 25.7606 9.85164 18.9076 13.0606 23.7615 21.8832 11.2941 6.58775 25.7356 23.4143 26.2966 14.7085 8.1399 22.9344 26.2098 23.2156 29.7975 6.70141 24.7458 23.4551 21.9698 26.7079 9.49379 22.2223 16.4767 9.15569 13.7244 6.21403 19.9582 17.0341 28.633 21.6309 20.3733 26.3948 29.1162 7.52314 17.8271 9.91689 8.17398 11.4738 25.822 23.3567 17.0329 6.21339 19.0258 20.4755 22.0826 19.7587 25.6505 16.0385 19.7207 25.6712 16.5359 22.4805 16.1984 6.02739 17.0315 7.82945 13.5617 29.6949 9.77045 8.48388 28.7818 26.5093 18.4293 8.43713 11.1676 23.9442 24.5673 18.5417 9.15555 10.8683 23.6392 27.408 7.56858 14.9844 28.2752 29.5317
1
8.3601 6.60362 3.05019 5.87536 9.15705 5.86841 4.35932 5.3673 6.55325 8.24095 2.92833 8.33458 9.97721 3.88831 5.05611 5.11829 2.964 6.07293 3.10999 6.60343 8.19001 8.26414 5.89573 5.18516 7.02968 3.43578 2.50261 6.1243 6.04046 8.45604 5.02979 5.19811 8.78228 6.47588 5.60037 6.55288 5.37765 2.22223 5.06923 8.66432 6.21885 3.10218 8.83102 8.31215 4.22824 5.02454 7.13444 2.47509 8.0781 7.84485 7.30915 2.05254 2.7762 7.3402 3.31153 9.31912 8.02328 8.62014 9.99553 9.01842 6.74882 3.8798 3.51487 9.00211 6.23125 3.40157 3.26284 8.32078 8.20891 2.71161 4.75592 4.6726 2.3879 2.79729 2.86756 3.11621 3.75329 2.29206 2.81824 5.95402 4.08969 2.53372 6.32817 5.69209 6.11757 4.40256 2.33882 4.98305 6.65158 9.84547 9.70955 9.45804 5.18707 2.99243 5.29561 5.35419 4.32109 7.77145 4.81368 7.84364
3
21.1923 10.5894 15.1083 18.0935 17.8316 26.9971 21.6889 12.0556 28.2063 10.4348 16.5937 26.9329 15.4756 28.9789 14.0744 16.9999 15.5139 20.5865 16.1185 6.46856 10.5494 18.6548 25.3248 12.1701 8.73702 29.663 17.3857 20.7432 18.5111 21.2412 21.0202 25.671 20.5599 29.0118 27.2019 15.5106 22.267 12.5437 7.52398 26.6599 21.4623 8.76677 15.5473 20.0041 24.3271 9.18711 14.9734 18.7866 28.2965 25.2493 20.4877 15.0482 6.80353 20.188 15.1149 21.9771 10.7078 15.7131 25.9319 7.51496 27.2533 15.8718 25.9817 26.5616 11.3989 20.4326 8.23115 11.1231 6.36458 22.1329 7.41699 27.7458 12.2383 8.13591 19.6241 17.5814 11.4865 16.0393 15.4392 8.4259 14.212 12.7803 8.52405 18.0761 16.0033 18.7803 27.4519 26.3481 7.21907 17.6727 12.6508 15.1011 10.5514 13.9584 26.2975 9.61051 9.71136 6.93249 17.0061 12.6332
2
16.8714 15.8514 12.8124 6.6244 14.2758 13.0919 8.39386 14.6111 19.3367 14.8818 8.62084 19.1517 6.60364 12.1369 8.86878 4.46708 6.03719 17.5387 8.86484 9.24056 18.3174 14.093 12.6399 12.9204 4.26728 11.2549 10.7509 4.24656 9.70251 10.9348 16.0867 12.3129 11.0208 9.69572 4.56849 12.4788 14.8426 7.4564 16.0594 7.4413 5.01671 13.0112 18.7938 11.7809 6.30181 8.6802 8.63949 8.29412 10.0379 16.4014 18.5064 12.4237 7.11927 11.5781 5.21196 17.101 9.58168 10.9935 17.1182 10.3111 10.1164 9.10511 9.85099 5.69462 8.8233 17.0319 9.41512 14.4979 16.5162 14.5457 14.0175 19.1847 11.8918 13.3807 5.91077 13.0207 9.87595 18.1723 16.5696 13.9451 18.4586 11.3386 16.5132 13.0405 17.3312 12.2167 13.0851 13.9132 15.6379 8.76634 7.5038 19.2986 10.1534 12.1535 10.4967 17.2013 5.20058 8.52652 15.8289 6.88478
2
17.6738 15.2331 12.8359 8.04297 10.0978 5.63242 18.1362 11.2009 6.89642 8.87358 5.44316 17.7183 18.9388 16.5907 18.4047 14.5347 13.188 15.9803 4.82307 8.99851 18.2395 12.3852 4.03751 5.36572 11.8143 16.2234 9.29291 19.1743 17.2686 14.3237 14.1559 7.55703 8.18221 13.7319 4.04177 13.556 8.08884 10.0483 9.91349 10.4994 8.41055 8.36031 9.21696 8.50558 19.6586 4.83272 7.11348 13.1745 14.9635 17.0168 11.0729 6.53082 8.99672 14.9425 15.8893 12.2802 7.34632 9.05464 8.18247 7.44186 13.4094 11.057 19.4469 6.41892 11.8636 19.7255 4.71119 7.57066 11.7799 11.7542 15.8703 8.34756 12.4402 17.6958 6.75336 11.0526 14.9205 15.0587 18.9889 9.29097 14.5043 14.6252 13.7311 13.1708 8.98684 16.0507 10.308 15.3172 13.9336 8.80797 12.8559 11.7628 15.9554 6.53899 10.0011 19.7757 7.0631 10.8761 16.6522 6.68985
3
19.6926 26.2011 19.4425 20.3162 15.2528 21.9012 12.8163 21.0218 15.1992 9.43187 24.2217 7.07111 15.3441 24.3117 26.0583 10.9511 19.2177 26.2539 9.91565 13.3996 29.4529 12.4981 10.6161 22.8904 6.91503 27.7543 8.61151 26.0918 22.2962 14.9793 22.4551 8.51478 14.8932 9.20272 13.0644 10.5715 19.2864 6.62205 19.4967 22.2623 22.6402 23.1861 15.9532 29.7096 13.3421 22.8843 17.7332 28.7578 19.7001 25.9618 9.85466 18.8578 15.4172 17.2783 22.0616 20.455 6.56094 25.0298 7.9366 21.0997 20.7482 26.0518 7.83621 25.4978 13.2621 11.9232 25.3699 6.72182 22.8215 28.0884 13.1396 17.7999 27.7205 28.2181 9.45906 8.90236 15.058 16.0261 17.7728 29.3436 13.7747 16.7615 18.4914 11.6194 16.2175 26.5951 28.9641 20.697 6.94895 22.1185 13.3055 9.77761 11.5216 22.1744 25.7965 25.75 11.935 8.23811 17.5777 13.5535
4
8.19693 15.5129 27.053 14.0673 38.6547 36.5754 28.604 30.7785 24.7985 34.5999 18.0662 28.7084 20.2404 39.0678 26.0901 16.6562 29.3018 13.8142 27.4899 17.9673 32.9962 37.7457 37.016 23.8073 38.3741 10.9514 37.0525 33.3907 10.3534 27.331 16.3631 14.2898 33.1621 34.8652 23.0106 39.9485 32.5163 36.6547 14.5756 37.5267 29.6601 13.8505 32.7989 27.1988 18.3924 39.6029 21.7723 14.0336 36.2033 37.1525 24.8043 13.5779 16.6487 19.1885 31.0832 28.2713 10.0855 21.6005 31.2655 23.8153 23.8922 8.74686 17.1117 26.6232 21.3028 35.3665 20.2974 23.4741 17.9752 30.2577 37.5216 24.498 31.4217 14.8495 17.0405 18.6154 30.4262 9.79106 25.7487 38.557 39.5719 10.6834 19.9353 16.5889 18.0058 38.0787 26.8379 16.0671 35.5647 18.8718 16.1216 23.9478 29.387 32.2103 28.4052 33.3776 32.1363 21.046 15.9631 33.4886
2
7.02267 4.79096 10.9085 10.4378 10.0215 15.9224 16.9122 7.00671 9.80579 8.75554 9.3252 18.4712 9.66664 9.28795 4.59748 18.5215 8.72435 6.19812 13.0571 11.0152 6.97282 7.31522 18.2619 17.4801 17.0164 11.4841 9.69962 9.16954 4.8119 7.13845 17.1495 16.9816 5.72731 16.8943 19.0172 16.5552 10.2313 19.4765 16.956 5.8552 17.5243 16.2912 13.0866 8.55945 19.425 17.9555 14.1279 12.5603 16.8242 18.0984 14.7521 16.8925 15.0178 9.74423 12.4745 12.4005 12.2333 7.59181 14.3938 13.4576 15.6607 11.5017 16.0919 6.04913 11.3 10.5036 17.0083 17.5328 9.94027 18.6374 12.6002 5.38774 7.57933 9.93896 19.6015 18.2658 6.59959 7.88441 18.6926 14.657 8.01063 12.6049 6.89427 8.48119 17.0719 13.1842 19.9972 14.92 12.6076 16.3518 5.3406 9.79959 10.3267 10.8845 5.25149 7.83821 18.4604 15.0275 11.4581 17.0703
2
8.87954 7.91105 4.04286 12.7169 6.4622 8.49333 14.2917 9.67772 6.91445 14.4494 9.77953 19.6179 18.3261 7.96063 17.0358 4.24517 6.16704 14.9362 17.7432 9.85351 19.8805 15.8125 14.5581 16.5448 8.44716 17.9621 7.43318 7.09162 8.98035 6.77679 6.50183 6.50475 4.41683 8.48434 19.59 7.36663 14.3643 5.76462 4.41547 19.9943 11.1689 11.2252 19.5391 10.494 9.26463 15.8002 12.1284 5.76944 7.86802 13.134 12.5981 8.54729 15.0794 17.0136 6.18861 9.48121 17.4545 8.91058 19.5457 19.3978 19.1076 12.6962 4.36348 16.7466 6.41015 17.5919 16.1536 13.3165 18.3461 18.4177 6.20253 13.2816 10.5871 14.2009 4.78049 12.6386 5.34999 18.2072 5.66303 14.0976 15.0989 8.45811 18.0292 4.49071 16.1546 7.79515 19.7979 5.75882 12.2738 6.55532 14.4655 10.5803 8.26039 4.91877 13.5064 17.7038 5.67145 7.99218 10.4002 18.0477
3
18.4834 19.485 16.8776 17.5332 10.5108 26.6769 18.9372 14.265 11.8963 13.5542 7.52568 14.9075 9.29347 28.3939 11.2428 27.312 7.44425 24.3442 29.6075 27.9747 10.6071 20.4861 27.234 22.2789 20.7857 24.4364 21.1674 18.3892 8.97616 16.2123 16.5982 13.5164 13.653 11.0767 8.17304 25.2715 22.7108 9.08079 6.1226 14.8282 21.0811 29.0255 28.423 10.612 16.2446 22.5583 6.21152 27.2349 27.8541 22.1254 11.6738 28.3943 9.69119 18.4976 23.6224 20.4558 14.1713 29.5883 11.9849 9.43635 27.6192 12.2834 24.4205 16.1099 14.5315 19.0006 12.2836 13.9507 19.0461 22.6978 27.1531 20.6359 9.83651 16.0483 9.14721 27.824 24.6509 12.5035 26.2409 11.93 24.7131 14.9593 29.8055 10.6142 27.2058 23.7469 21.5898 15.7038 10.0537 17.6659 21.3605 15.2676 25.2259 15.7787 22.4207 19.5597 26.7759 21.6849 8.22629 7.55398
3
21.7711 27.5314 11.4352 21.6693 17.0475 15.051 20.4026 25.3676 29.8344 9.63821 21.1537 8.83544 6.48912 7.30053 23.1367 13.8127 17.7319 28.7655 19.0218 22.2377 13.2227 10.8329 15.4132 26.9967 8.61951 15.108 11.215 7.97558 12.9628 15.4577 26.4948 13.7578 18.229 19.536 26.6885 27.312 18.8978 13.7198 24.9902 20.0129 11.3752 18.801 27.7705 28.3399 25.1187 21.7772 21.8681 21.5963 27.3059 11.0853 16.5974 6.99319 28.8915 12.6223 15.3158 8.44224 29.8964 29.8954 13.3951 17.4004 23.7725 13.6472 29.4408 20.1108 22.6868 16.2987 14.6018 19.5831 23.5686 20.5528 18.8164 24.6578 8.76406 17.5049 14.8358 8.49746 9.1407 27.601 10.8714 12.8488 23.4871 27.7901 8.70709 28.4198 26.0506 18.2117 18.123 7.71568 12.0561 11.7653 8.47193 12.676 13.0522 23.9025 20.2539 25.4587 19.9249 25.9884 17.5319 12.714
5
30.4492 47.8951 20.0741 24.617 38.6724 14.5657 43.553 30.8569 43.6165 14.9387 23.3618 37.2955 36.0851 39.0803 35.4159 42.1998 37.6597 16.8248 36.9818 42.9906 11.2928 36.9004 38.7609 12.7377 33.2021 17.2398 21.1643 26.9807 24.3467 37.2556 38.0614 16.6549 29.7681 32.8623 41.2823 32.9046 44.075 45.0269 49.1568 39.5652 31.3554 22.6272 12.3691 19.0949 37.7959 30.4018 20.4117 27.7369 25.2891 42.7707 21.918 45.6944 24.3124 34.3094 42.1555 38.0986 14.3564 47.6567 10.9619 12.552 30.1876 49.638 44.4028 29.0268 42.2231 36.3848 33.4353 47.9014 49.3017 18.2329 42.8562 31.9144 32.1308 45.1788 33.8172 47.8195 25.6902 43.6765 33.1893 43.5204 18.8761 45.557 43.0548 26.4679 39.6632 39.8487 33.6118 19.1013 34.0703 48.2838 12.7691 17.1137 37.206 35.2689 15.7153 26.3234 24.6806 33.1023 27.7414 23.933
2
17.5736 6.19966 12.1231 12.2124 12.0609 10.0563 16.5244 17.4942 12.1107 15.6402 9.37097 15.7839 9.67024 9.16405 12.9595 11.5604 17.7742 13.5854 14.0369 7.07625 19.009 18.0003 17.0005 4.80583 18.2139 10.162 7.36411 19.5509 4.47882 6.18838 16.5544 12.2657 15.5032 7.52104 19.0974 13.6646 5.37752 11.1967 5.26071 5.67407 4.8502 11.4954 16.2106 12.7921 11.1422 15.027 12.7499 11.4175 8.37208 15.3183 12.6959 5.21086 11.6541 4.96458 7.96376 10.5511 15.9313 11.4056 8.41566 4.14829 6.60656 18.3916 19.5392 16.8771 17.0344 7.19947 5.01753 17.8919 13.935 19.6624 17.2536 5.08632 19.7938 5.07564 10.911 17.9613 5.30948 17.0412 10.5336 16.9612 16.9514 18.3124 11.3073 9.34345 16.6903 11.7031 4.02542 5.64229 18.965 19.1222 7.32109 18.7898 9.94535 10.7969 10.2284 17.9569 18.1575 18.7464 4.13534 9.17619
5
12.0903 39.2632 20.4189 29.4941 30.6645 25.6992 29.4285 13.3863 22.1632 20.0921 29.3326 29.1152 17.8537 26.1693 23.8497 34.7742 31.3802 27.9574 16.6944 31.8503 28.6879 41.0179 13.6264 25.8701 25.8302 49.2615 15.8995 42.3906 34.191 39.373 29.6396 35.3649 22.6525 34.8761 45.685 14.9151 36.2402 41.8715 34.4188 11.5431 20.7759 28.4785 10.1259 23.81 33.0705 30.0108 29.4042 26.5174 46.1879 41.9192 38.1631 46.4187 49.31 12.5314 11.7394 42.4948 31.7363 17.6202 42.6618 17.8234 10.5466 28.8319 40.5963 40.0735 31.461 18.0055 39.0021 17.6576 42.4257 29.4142 33.0309 48.5711 29.4579 21.9614 43.1999 48.9507 14.2796 13.3602 29.3698 18.3846 43.2732 28.33 49.5595 29.0026 27.2878 42.84 28.1286 35.3811 21.8301 46.4319 27.8579 12.2905 27.1687 34.6514 10.4616 17.3198 37.8854 33.622 40.0594 25.4066
4
39.3632 23.4309 19.5718 22.2158 27.6514 26.6004 12.6749 35.2831 36.3918 22.833 8.83724 22.9818 16.0236 13.9352 25.1596 28.4162 9.62539 16.4334 25.712 39.0485 31.9152 14.699 21.355 11.9119 34.674 39.5289 34.5468 11.8398 13.718 13.3062 20.262 11.8382 32.5452 34.8651 34.1468 32.7262 9.78025 25.187 19.0353 27.1676 21.5436 31.051 28.9523 9.22168 21.8692 27.7645 21.7273 10.5356 36.2956 22.0992 23.3447 28.3045 35.7573 16.5571 35.1558 10.1246 17.8982 12.0912 23.0767 24.8635 30.9348 10.4066 15.8975 8.67294 11.1936 16.9669 27.8283 19.2697 17.4462 21.8302 8.40594 19.6084 13.1691 39.4402 30.8874 12.0724 19.8523 8.49821 10.2546 8.30697 32.4809 33.0388 9.95527 31.8203 24.317 13.8368 28.5053 38.4769 24.1037 31.269 21.0775 32.0083 32.8196 32.7553 23.2013 19.6672 35.1054 9.90608 27.6995 37.1481
4
30.537 14.649 27.6876 36.0092 38.2494 17.5952 31.5005 23.4468 22.4882 25.3578 28.5075 27.7586 27.9198 26.9287 20.4565 21.6392 21.3101 31.979 23.4709 19.7769 25.9224 25.686 21.4682 16.6545 39.1136 9.16325 14.0893 30.2652 13.7522 16.1196 11.762 34.3704 32.0837 36.3715 30.5243 17.9232 8.66844 8.83391 19.2327 34.2831 27.0162 22.6146 11.7799 14.8459 22.5436 8.83705 36.9477 25.716 28.4786 37.8171 30.5194 22.0432 33.3369 8.21765 34.2772 18.652 10.5963 18.8071 14.5087 35.5856 17.1928 33.4466 16.6492 17.192 9.4639 17.93 36.6829 27.3751 25.1647 39.3036 21.9292 39.6378 12.1809 18.2881 37.839 24.5403 32.5638 17.4295 37.425 21.1999 10.5132 35.6044 21.9531 15.4568 24.9323 15.5023 13.5168 31.3307 11.1793 10.7125 36.1232 18.3934 16.6424 19.0394 21.912 21.6826 18.761 20.6705 15.136 8.78171
