100 100
315 178.8
315 163.168
315 216.42
315 256.867
315 198.6
315 193.578
315 161.834
315 203.818
315 156.839
315 192.45
315 228.505
315 101.235
315 237.629
315 149.355
315 134.133
315 224.648
315 134.96
315 185.83
315 228.319
315 143.975
315 130.7
315 124.119
315 162.041
315 196.807
315 146.171
315 204.224
315 237.311
315 150.517
315 54.8669
315 79.7174
315 192.577
315 300.0
315 186.078
315 171.495
315 161.836
315 211.177
315 236.466
315 124.675
315 171.3
315 188.509
315 167.085
315 233.181
315 63.5279
315 199.598
315 271.649
315 71.609
315 163.57
315 206.774
315 219.955
315 150.344
315 89.3038
315 155.226
315 195.449
315 116.521
315 148.295
315 182.489
315 122.972
315 113.797
315 160.999
315 175.825
315 222.811
315 168.979
315 172.624
315 142.146
315 89.7069
315 244.94
315 118.774
315 119.951
315 50.0
315 252.752
315 207.694
315 140.951
315 101.636
315 134.375
315 201.174
315 219.194
315 255.903
315 185.797
315 216.772
315 89.8166
315 262.282
315 152.272
315 190.738
315 243.477
315 258.55
315 147.869
315 221.546
315 199.326
315 227.538
315 174.148
315 141.733
315 107.446
315 222.618
315 207.547
315 238.016
315 272.404
315 217.409
315 158.374
315 179.074
315 132.582
3
18.4637 14.3074 23.8404 13.8691 27.6665 29.7026 18.2019 6.34673 16.6772 15.3875 14.2575 22.7135 16.201 25.256 8.34587 23.0458 11.1411 14.8761 23.2757 11.0777 20.5458 24.8663 17.9346 14.4395 27.9665 17.4574 12.2327 23.7534 25.5714 15.0832 21.7221 14.4298 9.35814 19.8436 26.239 13.0083 8.80954 14.6837 10.9086 7.88643 24.3357 17.1335 27.8605 14.2805 15.8466 18.4512 16.9946 9.26256 19.7989 7.01391 18.1444 10.716 22.0605 16.7999 20.9791 28.0549 11.9366 27.8057 24.9894 26.5504 24.7017 7.24215 23.901 29.1071 9.9796 26.353 18.8587 29.3345 17.3177 9.69966 26.7251 19.7565 20.2966 23.7563 7.83817 13.0029 26.5212 25.6586 27.5709 11.8261 22.8349 14.9497 12.0368 9.78753 7.1025 25.1683 24.2857 14.458 27.9041 22.121 25.3321 18.9734 15.4849 21.684 10.3617 21.7929 9.30374 25.9767 24.4583 8.49976
2
15.1121 5.88869 5.01628 7.51003 10.0134 17.0074 6.67004 14.0195 17.7832 10.5031 7.54781 8.03443 4.4845 16.9451 13.108 7.74718 18.8917 12.1325 9.16495 12.1572 9.15588 8.05119 11.4709 17.4216 14.8813 19.4453 16.3645 8.97583 14.925 15.316 6.80026 16.7379 11.2328 16.6586 12.0692 4.70771 5.02404 9.75261 15.5255 10.2743 5.63737 4.31463 4.62981 8.54422 8.35017 9.8293 13.6227 5.00205 9.48403 11.3687 13.1404 15.8172 19.109 14.2139 17.0857 15.1083 19.6587 6.59052 13.0657 12.478 14.7697 13.8311 14.7099 12.1313 12.6562 5.27714 10.1808 8.88875 16.3337 11.232 17.1886 4.40827 17.0043 11.2792 10.8242 14.9268 6.91459 7.27623 6.5213 13.8357 16.0007 10.339 8.46183 12.4009 4.63147 11.1266 17.7352 5.94182 8.76253 6.74157 10.5655 12.7802 9.81465 17.5562 8.91868 5.27212 13.5877 15.2781 17.8019 16.2358
3
16.6975 29.7722 27.1315 11.2085 26.1798 19.1575 6.81364 17.5055 12.3569 8.33999 16.5912 15.7567 24.2428 27.3757 29.5436 12.6775 25.5829 23.667 8.93661 6.52329 24.589 16.7897 25.4308 27.3086 22.6441 15.5026 14.0564 18.7542 25.0707 25.5311 17.0496 13.5563 27.0583 26.7193 12.6425 27.5707 13.8403 20.1457 19.9026 16.5065 20.218 11.7934 23.7135 28.7233 12.5227 21.3718 13.9917 21.7244 10.1101 18.8805 7.23328 15.941 29.4823 9.5118 20.4832 17.4004 16.1288 13.4837 21.8224 10.8727 7.18258 29.398 7.46568 19.0887 29.9828 27.7167 25.5635 13.6237 15.6401 26.9515 20.803 21.0403 12.6961 23.1591 27.9004 29.8846 7.9723 29.336 24.0798 6.12913 11.7021 7.30738 28.6312 18.6556 14.0385 8.70369 11.6418 26.3729 26.0324 7.61766 19.9948 12.5628 16.1752 17.5367 22.7288 6.04677 15.5984 11.1438 15.8515 14.7695
5
27.6954 13.2286 22.5932 24.7466 11.7889 46.5774 36.802 13.8186 10.8127 11.3506 28.4492 31.4676 12.0278 22.5638 36.86 19.0874 47.4967 45.3549 42.2911 44.4534 45.414 18.3403 23.4694 36.3828 18.1104 16.9625 36.5679 10.4033 28.7591 31.3629 22.6517 24.9621 28.8185 23.3087 20.6235 37.7044 28.2393 16.7072 32.702 41.355 30.4706 26.2367 39.4621 28.7327 14.2936 38.6272 31.4705 26.4294 14.5156 31.1213 14.5456 46.6853 43.5546 21.6456 35.6754 16.9903 45.947 35.2256 46.6221 36.9444 47.8086 41.1746 32.2469 41.9078 33.28 45.5872 40.585 42.9713 49.9889 13.6693 41.7022 42.7786 15.5593 26.4366 32.3645 16.733 27.1991 46.3108 13.5522 39.117 26.3984 36.1469 37.8493 43.6592 40.7679 26.2215 13.7393 38.0777 35.0505 13.7141 43.84 42.1312 13.3357 29.2119 44.1062 28.7106 24.5099 34.7697 41.034 37.5011
5
33.9438 45.7819 29.0615 19.9437 11.1698 37.2837 37.8596 11.8065 44.2418 37.2235 36.5178 28.9179 29.3921 46.1273 36.5733 21.7392 12.7175 46.8182 25.513 27.9624 28.2142 17.8134 45.7763 12.5186 21.8507 34.673 39.2489 36.2436 43.0839 43.2063 43.6536 22.1019 15.2259 18.4427 17.2443 37.8805 46.0668 33.2723 18.2093 24.2542 10.1602 10.6645 35.1903 27.1317 24.1776 23.3679 15.3239 43.188 46.7377 15.0002 46.2107 37.488 44.1175 26.4341 18.219 22.1098 13.2504 21.3832 23.5296 14.672 43.4185 15.0977 38.327 25.6722 48.045 20.0729 44.5446 33.5433 47.9929 12.6784 37.5684 36.3325 17.7761 14.6146 16.307 38.9108 36.0898 33.1015 22.034 44.6179 12.0655 13.7064 22.4073 10.2501 28.6578 49.7181 47.0745 13.2961 34.5682 21.9714 31.2676 10.3281 26.1135 13.0308 33.7957 15.4535 30.4439 49.637 25.8402 17.7338
1
2.42071 5.53144 3.13844 9.9958 8.07125 4.07442 8.47268 4.05935 3.45871 8.88046 8.01071 4.81296 6.49812 6.92298 8.72988 7.81101 3.95765 2.25222 7.91799 7.62132 6.91483 4.52927 5.10729 3.88768 8.58243 5.65617 8.45622 2.81674 7.16015 9.65857 3.23519 4.2454 2.36847 6.977 4.07256 6.44507 4.32089 2.32312 2.61718 6.81894 7.39079 7.25714 8.27366 2.64865 3.72917 6.64272 5.66661 6.04643 9.08953 6.13547 6.49018 9.26913 3.61607 5.86154 7.39911 6.55027 4.2516 3.44226 3.59749 4.60646 7.42132 3.52129 9.78155 3.97431 6.64865 4.95045 2.09273 7.33422 3.7595 2.79049 8.73716 8.97722 6.3312 4.28305 2.92802 9.57111 6.04224 3.95009 5.80683 6.38219 6.57916 8.97694 8.99999 7.10876 3.75685 8.03535 8.46685 5.48279 6.50845 2.70275 3.29552 2.79576 5.40112 6.63389 7.10269 9.50518 5.33399 7.64118 9.69372 3.07792
5
48.3125 42.5994 19.4713 32.3278 19.7294 48.3903 36.4078 27.6765 38.9873 41.9378 33.7463 41.2994 13.7986 19.3785 33.8285 24.4832 34.4869 12.6543 38.3229 10.8528 17.2923 32.3836 11.297 21.6854 37.8737 41.9068 15.0646 36.2261 42.6661 32.6622 31.4665 22.1635 35.7475 41.0491 11.238 31.4189 48.8727 36.9333 24.1227 16.4078 12.3294 23.9525 32.3856 31.9281 14.2737 21.7773 20.3843 17.8322 46.2009 10.4834 22.8537 47.6395 22.2071 47.1925 44.5594 18.2442 29.6997 15.1374 33.978 45.8762 19.2109 35.307 43.6587 43.4709 30.972 20.8296 39.924 44.6029 25.9038 24.2472 34.5644 49.1419 38.6802 37.8412 21.1846 15.786 20.5208 37.1622 48.856 36.6277 29.3681 27.9222 15.7337 18.9111 35.1068 26.405 15.2918 49.1346 17.4809 33.5505 37.836 24.6559 44.3644 32.8697 39.9468 27.9563 28.0427 12.347 44.5128 48.7193
2
14.0859 15.9967 8.65164 14.3379 4.09812 5.67216 4.36974 13.1929 8.00204 19.1571 7.06854 14.9096 6.08323 8.84893 7.00543 12.1449 13.4473 10.2227 12.6373 10.7306 13.6455 19.9112 10.8307 7.00125 18.4219 10.4845 13.5996 8.72941 11.3957 4.74313 7.18482 16.479 17.4905 8.33551 7.28643 14.1904 15.9226 19.5138 12.2617 5.8101 10.5624 18.8397 18.1018 10.7755 15.4791 5.65247 6.99898 15.17 5.48364 8.11325 17.3175 7.35868 13.4805 13.6359 6.77975 6.91813 16.4418 10.5187 8.68137 15.673 7.81588 15.5887 12.9467 15.651 18.1832 14.6709 15.8376 14.7699 9.97143 18.6958 14.1286 17.0682 8.0429 10.2561 11.5596 6.29169 15.9665 7.42754 13.3799 19.6504 7.78679 11.6633 4.79552 8.55528 17.1023 10.5775 9.13198 19.1503 13.2664 18.4279 5.52597 13.4497 10.5226 13.1121 17.9573 15.8956 11.8864 16.4882 19.4346 10.1454
1
5.65174 3.34515 3.25602 7.15548 9.97543 2.63781 6.79264 6.77647 4.1752 2.97869 5.52066 2.40057 2.70483 5.52884 3.61837 4.59461 4.52188 8.46607 7.24519 6.98695 2.70173 5.29828 9.88442 6.50098 5.45434 7.08737 7.22943 5.88982 5.32511 9.86511 3.39452 8.85359 3.36111 6.52211 4.23177 4.02047 5.02387 8.45119 3.53509 8.07268 2.62998 4.22643 9.91273 8.29885 9.1008 8.59906 4.10947 6.85382 9.80252 5.09154 6.55983 3.00726 5.25772 3.47103 4.95339 7.66231 7.50989 3.38345 5.59369 2.42542 6.9219 9.42951 2.33172 5.50882 8.1899 4.96385 2.85542 8.74667 4.35373 9.89856 6.11641 8.00627 7.58524 5.79238 2.67514 7.27554 9.53562 9.50675 7.74576 6.70798 2.02309 2.71004 2.72193 2.90647 6.84219 2.51117 6.96488 7.72702 9.47587 8.50387 7.63487 5.88384 5.49168 3.50282 5.3474 5.63688 2.40329 3.25295 3.4354 2.84321
3
20.4722 20.9027 14.9446 6.52567 18.3169 28.3102 10.8846 9.37261 29.9615 23.7224 26.6347 23.5344 6.71373 12.0337 26.3962 8.6064 6.29099 18.7412 24.3061 11.1486 12.5264 9.89876 23.5726 14.6583 24.0513 7.10089 12.5716 10.3078 19.4228 24.4663 24.3724 26.4164 12.1644 12.5899 8.16069 28.6243 7.18943 24.4316 11.0291 16.7384 12.0751 8.11109 22.6027 26.2183 22.6569 29.5771 16.9687 12.271 28.411 6.11959 12.3792 8.52296 17.0942 29.6944 23.1959 22.2393 12.1106 13.0284 24.5447 22.0572 14.0717 13.4742 8.14988 20.2041 12.0216 27.5832 21.8163 17.1677 19.7931 23.3656 19.0278 14.7882 26.9662 23.2062 23.1319 21.7398 23.8955 8.40426 12.5777 29.3718 26.2766 22.3078 19.6776 13.8768 6.71949 15.0084 29.36 26.7557 6.79845 10.5682 14.3832 9.54783 13.0464 7.74491 17.4777 6.79447 26.3632 15.1867 28.8871 17.2055
2
12.5367 6.5893 8.7082 9.43964 18.0644 10.6327 13.135 7.37749 19.1679 10.6199 7.5174 11.7575 19.1854 8.14907 17.6164 15.7169 8.36469 5.70492 10.2672 15.9202 6.27067 8.5537 10.077 16.9387 17.2888 14.3733 18.7485 5.3972 15.285 19.6811 15.0924 4.94881 13.4857 12.1225 13.7904 7.14231 7.63995 17.682 4.97193 9.24304 16.5261 19.8798 16.667 10.0706 15.8661 4.0163 18.1969 10.9155 13.7092 15.5265 10.5669 8.59774 7.34793 13.5081 13.9211 19.7292 13.829 8.48392 18.1246 19.2425 18.1211 17.4632 14.5333 16.2496 7.00283 13.3625 7.01501 14.291 4.73244 17.8497 16.2836 7.0401 14.5626 10.6734 15.61 4.52356 14.1622 4.54025 11.9706 8.92071 13.0082 14.6023 10.6977 7.00484 7.80911 7.61746 5.69234 18.2885 12.0238 15.8455 13.2642 17.9354 19.5374 12.7415 11.6591 5.50114 6.55645 15.5096 4.33794 14.5663
5
21.0362 37.3579 42.8301 44.318 44.2474 13.449 49.5612 23.4381 17.6207 16.2694 33.6432 30.0224 34.7706 14.0405 36.573 19.3765 43.1925 46.0552 35.575 13.5728 40.2487 42.1918 45.3638 49.9648 11.2163 24.0617 19.2365 14.8505 36.4309 47.3207 41.5241 26.8156 44.5541 14.6773 33.434 44.2884 18.9989 19.1271 44.3159 21.8374 34.543 46.946 10.3798 29.7426 31.1606 39.9725 32.9 41.372 42.1056 46.7117 37.9347 22.8948 43.2756 41.79 49.5934 49.862 40.8901 43.2947 38.8822 25.1861 24.5115 47.5263 40.1594 23.0509 22.443 30.6987 37.2325 13.2824 26.5319 37.1144 11.1272 10.7133 43.4122 23.3496 31.5598 24.0704 19.2152 17.9778 44.1447 28.9174 34.7816 46.365 15.3686 39.1851 18.4048 40.066 27.3609 41.8177 33.1371 40.3553 44.4934 49.0693 45.6907 15.421 43.8402 12.9798 13.9636 20.756 11.5278 36.5628
5
28.6048 17.0441 30.298 12.8531 48.9096 19.721 27.6088 33.1107 39.3636 20.0496 34.996 42.4488 21.3293 23.3185 36.8408 37.0611 42.5844 46.0014 27.75 17.5412 42.0771 19.7993 31.4433 48.3267 28.2969 22.4633 35.2091 47.1265 37.6668 24.303 31.3353 18.2371 29.3646 29.2877 46.922 13.6545 42.9782 19.6451 13.4813 35.8877 35.4014 42.8658 17.731 26.38 23.3776 30.0185 44.9885 13.4443 48.0953 24.2823 16.5713 23.6194 48.2445 28.6027 12.6097 10.3524 17.9379 11.3776 21.6784 23.9144 35.9045 19.0786 48.6532 16.4547 42.3609 34.7158 22.1995 46.1013 49.9681 31.0496 33.2978 14.0128 45.2778 37.4587 46.2133 38.2873 47.0766 49.3686 33.3154 18.6369 38.0327 19.1469 15.1543 35.7317 16.053 17.3726 17.1988 39.1206 21.7549 23.3857 44.6445 47.6352 48.4607 14.0216 26.6961 16.1826 31.1199 29.4389 11.731 12.834
2
5.33399 17.705 5.42282 9.69037 4.71035 10.5594 7.17596 16.9312 11.0432 19.7568 18.3242 14.2116 12.7069 16.531 11.7559 14.112 14.7265 17.7828 9.11945 14.2171 15.4312 8.05288 16.385 9.34889 14.2525 10.5932 11.708 4.55485 17.9812 15.8492 10.9071 19.1628 16.7946 7.6663 15.8689 12.2164 17.3664 11.532 7.19158 15.6023 16.3727 13.1667 18.3808 13.1828 9.7056 15.7759 12.9093 4.24546 8.70734 12.2757 9.45388 5.58307 6.73756 4.80471 8.62099 6.51532 19.386 15.8344 14.4746 7.16596 5.64337 7.19064 16.1781 18.307 9.3423 11.2991 7.06277 17.0831 16.1819 14.9663 10.4361 16.9279 17.6472 4.00985 5.44114 13.9855 9.13737 5.04914 18.2806 8.34972 5.61342 12.7705 8.11761 14.4322 18.0799 14.9778 12.9655 10.7739 18.2115 11.742 16.8798 7.61118 18.438 8.96189 11.764 14.5088 14.7992 18.6481 11.1022 14.3735
3
9.9267 29.5192 16.925 29.306 10.5196 9.00857 14.7779 7.09329 25.4655 15.2376 7.21052 23.1117 7.60887 12.6504 26.1873 17.2106 24.2855 26.5321 10.8198 12.695 24.539 19.2887 7.77933 7.78154 29.8777 23.6037 6.29644 13.729 12.1654 25.565 18.3418 23.7348 24.2405 8.85523 12.582 14.6931 26.857 25.1005 12.7035 17.9073 13.5404 17.4701 28.7001 12.8506 8.95374 18.6216 23.7153 28.0689 26.3662 6.08494 29.0351 23.3195 27.8183 24.1793 21.8248 21.0396 8.57797 11.5561 26.203 25.2375 21.481 27.4627 16.2458 15.9016 10.7489 15.8196 21.5178 25.0202 26.8793 28.2057 25.7199 18.3049 8.20133 8.8449 23.0507 8.7139 24.6903 26.6879 26.8733 17.866 13.6361 21.6829 23.2827 11.4413 10.7572 10.3291 12.1662 12.6611 14.3563 21.6069 20.3519 27.9414 18.1095 24.3775 25.4373 24.8129 10.0841 17.3477 22.8941 16.2029
1
6.19347 7.18969 8.0687 3.99955 3.45619 5.97413 7.472 2.45195 5.02675 3.38872 4.38822 4.30406 3.26587 3.35625 2.02995 7.61455 9.40409 8.95035 7.94731 8.56969 7.86742 3.06159 2.18489 5.93785 3.9922 2.99185 5.53102 3.40526 9.03529 3.3831 8.76554 5.19941 8.38596 7.88695 5.81235 2.40631 8.88575 7.98114 7.70305 5.38779 7.16236 9.33929 4.25775 3.70518 2.88406 8.16006 2.3896 8.95563 6.8407 5.86215 7.93888 9.92723 3.75769 8.55109 3.94333 7.47919 7.74906 7.66447 4.25063 2.55346 6.31599 4.20144 7.37947 4.72391 6.79698 4.94307 5.53541 2.6893 9.17595 9.06964 5.68773 8.11643 3.15446 5.58112 5.61364 6.23961 9.39435 3.92719 5.81595 8.6227 2.8371 2.25291 4.22055 5.49003 6.00601 7.66641 2.55996 9.03242 2.19762 8.9348 7.34914 5.09452 8.46845 4.01454 2.35979 8.64974 2.32352 2.8225 7.49952 4.46912
2
5.90314 10.4604 9.28559 6.08192 18.0479 13.6002 6.27343 14.6658 16.668 19.4183 5.12629 15.9731 11.889 4.49906 10.5745 14.804 12.7632 8.98804 12.6991 17.8639 16.0688 7.485 4.7035 4.26192 5.44512 19.789 16.3037 5.64338 12.4281 18.0588 8.29899 14.5186 6.94684 6.9506 5.88558 19.3503 12.8453 17.2959 4.27641 4.96268 15.9902 13.8821 16.1886 16.8338 4.52943 9.89761 10.7621 7.83453 4.86079 12.6052 9.47078 5.9764 12.8767 4.80486 16.5899 9.73042 12.0447 10.6493 9.78156 13.4799 17.8884 10.3746 12.3603 9.66953 12.4289 16.5084 16.8026 10.2132 4.15216 4.11828 13.0618 5.7233 5.06253 15.662 11.2505 9.12332 8.38545 13.0036 16.2551 14.2074 6.48262 13.1567 11.842 7.70813 12.5413 8.3178 15.8201 17.436 5.60055 6.75201 15.8218 7.05231 10.4769 7.09418 15.2641 8.03875 16.1521 10.6273 7.0531 19.4254
1
5.79941 9.36006 9.21323 8.74253 2.37901 7.41263 5.84202 6.24841 8.48302 4.54923 3.35343 2.53282 6.50651 5.02927 9.2673 4.80286 8.6731 7.84674 4.35505 8.1594 6.92077 9.92617 8.93688 2.69271 4.8994 4.03197 7.11887 6.3696 6.2365 4.04744 8.12623 9.36829 3.22713 4.27955 5.88909 5.51725 4.10448 5.44597 8.03686 8.49443 3.04725 2.00041 3.45764 8.44279 7.08001 3.45257 3.57876 2.65876 4.02302 4.33908 6.52478 4.00963 5.6475 3.50142 7.30918 4.73617 6.19277 7.32732 3.21597 3.29681 2.40144 9.61176 9.52755 3.90956 7.22892 6.69385 6.75493 4.44788 7.38352 4.52584 6.52672 6.34688 8.85329 8.33049 9.293 2.17599 4.57606 3.50309 5.00043 2.53435 4.40862 2.4144 9.89475 5.92528 5.55166 9.77059 6.60702 9.26594 7.58634 9.18672 8.6798 6.68853 2.2791 3.62971 8.68944 6.2892 6.31064 8.38732 3.12093 8.48102
2
6.4535 5.37127 14.218 4.17047 16.0061 15.4257 19.3141 10.2764 18.9963 17.3722 19.2535 13.4496 17.2704 14.2086 4.74552 7.17644 6.56952 5.51249 19.4288 19.4741 13.1217 12.5271 17.8934 19.8527 14.1104 14.2654 18.1105 16.3254 4.08115 17.6916 12.3323 7.52866 9.34941 9.04617 16.523 19.0156 16.4715 17.373 18.3857 8.7844 8.84214 13.3145 4.04577 7.10499 5.47972 10.2356 7.45419 11.7056 16.0632 18.7388 18.5732 11.3824 6.28235 5.63367 6.40668 19.0948 19.5633 12.4233 12.9373 15.6079 13.2338 16.369 6.03419 12.7457 11.1882 17.1976 15.3921 17.3175 11.1168 4.51211 7.56584 16.779 16.3605 8.96904 16.1614 15.6916 6.45497 12.2854 7.24745 12.042 16.4242 7.1366 4.0484 14.4846 18.889 6.00898 6.9827 13.5694 11.0509 10.0685 17.1081 16.0177 8.6141 17.109 11.0367 15.1077 4.70941 7.64163 7.38226 14.2341
1
9.94786 3.65153 6.08883 7.67114 9.53045 7.73794 5.40853 4.6141 4.32415 4.837 6.33282 2.87403 9.62529 9.11617 9.50055 2.08041 9.58368 2.1681 6.84229 2.55264 2.80722 2.24667 7.50449 3.12518 3.9572 4.65788 9.71751 5.33059 3.7406 6.21169 6.01373 9.84685 3.70558 8.64119 7.202 9.11497 4.24648 9.89533 8.50472 6.03328 2.22453 2.21139 7.26375 2.6347 8.61049 5.87348 7.62142 8.65312 2.55561 9.56339 5.58285 9.88515 4.29693 2.20991 5.86596 6.25362 3.30344 3.24296 3.94522 7.4789 8.06912 8.15873 4.69558 4.26448 5.95922 8.30218 7.04271 6.90286 7.51605 5.77297 6.02581 5.20815 7.63043 2.36125 9.67935 9.6816 9.9852 7.41949 6.13985 7.81622 7.17684 7.57651 2.38397 7.44691 2.92168 3.20015 2.0043 5.05214 4.75273 2.51467 7.42891 6.91365 5.61358 2.27918 5.99104 9.04021 6.75541 9.93337 5.25513 3.76184
2
12.5552 19.2538 19.1158 9.32897 14.6496 10.0552 16.538 15.5418 15.8582 19.2173 4.23148 19.9151 19.0992 18.3279 14.1585 14.3209 14.327 8.48255 15.752 8.68286 9.01306 12.3004 9.81513 5.16864 12.1038 13.1838 13.6787 17.9068 16.0193 15.3826 16.1805 9.79009 9.25334 18.4276 17.0283 5.92878 8.13972 7.49413 13.1089 7.31536 4.34528 17.2585 6.30609 4.26398 16.6533 10.8111 15.3904 9.18668 7.59945 7.1864 14.5416 16.2691 5.52257 15.0749 13.0684 7.60804 8.59325 6.27704 14.8865 17.3735 19.3823 6.46388 16.3184 13.5575 18.5317 16.805 12.7759 16.8725 10.0907 12.0276 4.8903 16.3618 19.0798 8.46877 14.6505 13.2837 5.84359 7.68314 14.1126 16.8336 17.7578 9.16888 9.24324 11.2649 6.85005 17.7744 13.4594 13.9714 9.89869 7.34794 17.4267 12.0954 15.5717 14.1934 17.6795 17.2212 15.168 9.89367 10.6242 17.7194
4
32.2744 27.4805 14.9096 21.6273 21.0265 14.6981 26.0329 28.6532 23.2768 30.1802 35.2019 19.8758 23.9503 24.9047 30.2629 31.1883 25.1802 21.3305 39.7063 19.6456 15.2524 25.8081 36.3341 39.802 14.6525 19.0012 18.3438 35.3721 25.8422 36.9421 18.4526 14.8376 9.38877 11.3475 23.6886 11.628 17.0729 37.8188 20.4723 37.4971 12.6007 20.5524 35.614 21.7224 38.5433 18.1841 19.8533 24.7522 20.1308 31.3942 36.5629 30.924 8.5242 28.8968 10.245 8.88079 10.1914 24.4388 25.4429 8.30975 29.0107 25.4342 30.6938 37.6276 27.7293 33.8573 18.1474 19.2389 35.3986 32.0217 29.4762 30.9908 27.4148 21.868 18.7007 26.4511 12.7863 34.3874 26.5569 26.6327 35.256 33.8041 9.02868 23.7906 26.9014 33.1426 14.6719 29.9162 36.8382 9.80574 37.3541 38.5541 21.6527 17.786 31.036 28.5658 24.1877 37.1379 37.2176 18.4654
3
14.555 6.66809 16.8046 28.6643 25.646 24.1875 12.4178 26.5379 16.9546 6.92693 18.6291 24.7238 8.81202 15.8666 15.7491 12.2942 11.7557 21.5279 28.2757 28.558 24.7515 27.9586 6.39889 28.6841 11.8797 21.2675 14.5148 29.1701 12.0755 6.80055 20.3427 8.24927 14.5207 21.0529 24.2391 26.3314 6.27878 10.4108 26.3018 29.5691 28.7668 26.8166 6.85878 29.6447 13.6593 20.4509 29.9349 14.8712 14.8162 27.5253 9.29047 9.70086 18.8302 21.2805 26.6248 9.73507 10.786 20.2818 9.54013 29.3298 17.8259 22.1072 6.85735 24.8897 27.1156 8.52139 24.8795 14.945 16.8027 10.229 26.1951 28.105 8.56366 9.30142 26.6163 19.9816 8.33152 15.3709 15.8445 26.177 19.7983 9.68495 9.45835 8.42865 9.28624 9.1158 17.8167 9.00642 18.5816 28.218 11.4714 10.4543 28.3244 11.4282 16.6823 7.77158 20.5479 29.5007 24.6303 14.126
3
16.7453 10.7657 12.6568 12.5596 25.2942 12.8771 9.50192 17.6701 26.9654 7.23179 29.4457 10.0535 23.5166 20.7168 15.0101 12.2731 19.3044 19.3659 25.2679 15.9064 12.1049 16.4164 27.5244 21.2096 14.5865 6.38451 11.2601 18.159 13.1521 23.3791 10.0536 6.09136 16.872 27.8718 7.2032 11.1586 19.2239 28.1422 18.7656 18.8183 13.3605 8.61749 29.7312 8.57676 15.6221 11.3245 17.0547 20.205 10.0142 26.6734 11.2584 18.6451 20.3671 27.7919 10.3293 26.8265 18.8991 8.62818 21.626 17.6105 9.89834 12.0419 9.51691 22.0822 9.24565 20.1016 12.4665 29.4081 6.49437 16.8072 27.2888 27.4788 26.2277 11.457 8.28808 11.5544 27.4111 8.87716 23.0032 10.1325 9.45997 14.7327 12.2768 15.2575 27.7391 26.139 24.3667 22.4888 19.2152 11.7921 22.8178 7.74774 16.9793 11.8371 29.8154 10.2621 18.3589 13.6928 28.7354 16.8257
2
17.21 15.3033 14.5247 8.45559 13.7533 14.3517 14.6724 16.5916 10.0591 8.03603 9.96303 19.6643 13.0912 8.49211 16.6086 5.73183 14.5447 17.5214 6.39032 18.1862 17.356 4.1404 4.15761 5.17421 5.0815 19.014 6.47643 12.6837 19.7061 4.33501 16.9895 9.85685 5.44567 13.7123 18.0508 15.0942 8.10484 8.63051 6.19758 11.5104 11.5528 18.0437 15.0209 8.30604 8.88008 11.6645 4.9986 16.6158 13.7982 9.51323 15.8529 16.3976 9.84534 10.2871 4.99446 10.9239 14.9597 13.114 15.6158 13.4382 10.9841 11.2526 9.99716 6.53857 19.663 16.3004 19.5865 14.8521 18.6962 15.4742 19.416 19.5612 19.4095 8.52343 10.4189 7.34485 7.6072 18.8405 13.2072 18.2983 13.1667 9.3293 16.8747 13.3917 17.9397 5.59538 10.3862 10.032 7.52089 13.0198 4.11669 10.2894 12.4476 6.27943 17.1022 18.3519 4.39257 17.8756 9.56501 15.7693
3
14.5778 19.5355 23.3923 10.9617 26.5095 15.2882 27.5125 11.0065 29.7195 12.3679 22.1136 10.7968 7.04981 24.7394 13.6182 29.6711 21.1659 17.4782 25.8431 27.6683 15.1574 21.8607 27.3888 9.74647 12.3328 7.20256 13.2077 23.4846 16.6791 6.41653 12.821 10.2375 25.4523 14.2567 19.6512 27.7121 19.3703 23.2185 9.94126 23.9337 17.8744 16.0637 9.72686 28.5709 28.93 27.938 6.3325 25.5887 16.8352 13.0509 10.8587 25.1976 17.504 24.8868 8.13012 19.0682 8.69577 24.9148 16.5722 12.7789 12.6575 8.76723 6.48658 23.4673 26.6486 16.8554 7.19265 8.65222 6.81666 10.3905 19.5047 10.196 16.8932 7.77936 28.0134 11.3759 11.1778 18.3638 29.64 19.0333 23.2801 12.4712 24.9322 24.7683 26.0868 28.7467 20.571 9.15095 6.42447 21.734 25.5561 14.915 11.8858 18.6755 29.5396 9.10521 29.2874 8.49834 29.776 28.1455
5
48.3484 11.7561 21.0062 17.8648 45.6242 34.5395 17.8318 28.6041 21.6369 10.7178 26.3285 10.2037 28.1582 31.9268 11.5076 44.1681 43.0382 10.854 12.3627 27.1665 34.0601 24.4741 48.4015 38.6831 21.9387 45.5296 34.149 16.9908 42.6175 24.9114 46.778 31.104 39.0219 17.597 22.024 46.3661 42.4239 14.8022 43.5388 11.329 13.5747 35.0021 40.8412 23.5802 43.7625 36.4783 41.0203 22.1734 25.9493 24.0479 49.3467 24.3207 36.1465 12.631 43.949 13.9996 35.1816 40.3131 19.7119 40.134 31.0159 33.5581 26.5511 12.0035 11.7661 17.2282 37.2223 49.5388 49.5897 12.0677 49.82 16.1572 25.5865 12.3063 40.1225 31.7976 35.8758 46.0379 28.9392 13.8078 29.0032 11.032 19.6171 23.3435 34.8352 28.633 10.8615 44.9327 35.0962 28.4048 20.0285 36.8634 15.7047 46.1756 22.0447 20.0506 31.0655 48.1402 39.1105 23.0375
5
23.8 47.6249 25.1691 22.687 41.2042 32.9376 41.5112 19.8313 10.3595 41.6609 13.6266 45.9367 17.5253 39.5404 44.1908 43.6982 37.2069 41.9552 34.4147 46.7123 25.8484 23.5224 11.4064 42.2226 25.8702 30.1161 28.1422 44.7948 37.082 22.8321 18.0788 15.4537 22.5023 33.4296 36.4382 30.8128 25.6155 20.7816 10.1958 36.7278 26.0996 27.8639 48.8039 11.0049 11.0528 48.8161 17.6804 49.6964 28.7529 25.6041 46.4959 21.5126 41.979 43.8153 14.2887 44.8844 47.9281 47.1196 23.44 12.2046 21.7568 39.9251 44.5401 35.781 10.7795 37.7615 44.1772 20.0328 36.3554 34.9215 37.679 14.4601 30.4937 28.8919 38.8403 11.9191 44.2101 31.1055 48.6662 26.7336 14.6646 43.5446 35.1622 17.1739 28.1127 30.7287 26.2037 26.835 25.7002 46.616 47.5148 49.445 29.1342 45.9509 47.7887 11.6345 13.2602 39.5888 42.9799 38.199
5
47.0891 11.7405 10.0605 44.4287 43.4378 21.7824 40.4482 44.9933 32.5244 19.2654 43.8619 20.8746 38.9995 24.781 40.9166 35.3068 49.9872 25.8664 18.2388 28.463 28.7091 19.6429 36.3009 46.8237 44.3815 47.3913 20.4813 32.6848 34.7896 19.9684 36.7557 17.7105 47.9473 22.9735 23.4259 14.4385 19.2467 40.5686 40.2926 29.6423 30.5057 46.8599 26.678 33.4589 47.3175 23.7466 29.705 48.1853 21.1108 34.1437 34.2393 10.653 12.325 49.4837 15.8995 32.0848 41.1074 40.4051 48.5432 49.3409 21.9393 49.5329 27.6335 31.4602 28.5953 15.2572 20.8944 35.4036 25.8447 45.4177 27.6587 14.9052 14.2992 49.798 18.3168 16.3372 24.8134 10.3381 15.2717 45.4956 48.8458 17.9697 26.8062 19.2127 41.1848 14.982 15.2697 25.7021 21.4466 31.823 10.9894 47.5429 30.7519 37.2434 13.3135 31.21 29.9866 10.6887 10.1908 37.0548
2
9.47322 8.36655 7.39916 16.4125 4.8758 15.8455 19.5104 9.31119 10.6552 10.4573 16.7158 15.8976 14.1435 19.5372 19.4879 5.49031 12.2163 15.3955 10.833 12.0156 16.1611 17.584 7.47512 12.4404 11.5048 17.074 5.15419 16.7733 4.11126 10.6576 19.3509 11.9444 15.8611 5.88519 14.7511 13.8787 9.22859 4.85197 16.7613 6.0735 12.0649 11.145 14.3894 10.9935 13.9031 12.2644 19.8013 16.5959 9.09559 5.83015 13.8673 12.2977 6.09698 13.8882 7.00989 8.6981 18.2053 17.627 16.6662 15.3677 7.07347 4.81831 6.67689 19.0185 10.3039 6.29365 13.9143 8.36556 16.4385 17.7696 19.4627 15.9937 18.6567 11.3343 5.66234 7.54183 10.4944 4.90719 4.3305 12.5169 10.895 17.9857 9.47191 15.0504 17.907 17.9896 15.7907 6.90956 18.3386 13.5171 16.3165 17.076 8.68384 6.82432 4.45805 16.2046 18.6309 17.8413 13.7949 14.274
3
22.7671 21.1659 14.0758 17.6504 17.0594 9.17251 7.54586 15.8037 16.891 16.9841 25.1068 23.1097 15.4059 24.8561 18.9984 19.3076 20.6261 14.9819 21.719 17.6134 25.2039 15.0837 13.8969 9.15937 15.0592 15.7222 29.0914 9.94891 6.49474 28.4214 8.12046 24.4234 11.383 29.7 25.5054 9.73291 28.0184 22.1054 28.6294 26.806 17.2293 17.3423 12.2009 26.3106 21.3426 16.59 20.6182 19.6019 13.5952 21.1031 24.8265 22.7486 7.58629 16.1885 14.2629 7.73377 26.3634 21.6517 26.4828 28.9216 16.7371 19.8087 11.0609 26.8858 16.4165 10.1542 6.3604 17.6925 23.5617 13.7817 9.7658 13.731 8.3442 24.6495 7.97056 12.1871 8.111 6.7844 15.9155 9.25222 13.7454 18.5191 26.9705 28.1617 8.81811 22.8557 22.9537 11.1571 25.1231 29.0497 6.58197 7.46493 12.1907 16.5071 24.9458 15.3865 20.3735 10.0906 14.6037 18.5928
5
27.7808 39.6768 23.565 38.367 15.2076 33.4422 40.1428 46.622 43.7947 23.589 15.4979 38.0755 40.2422 15.3142 23.4463 20.59 32.0961 27.8904 37.9667 29.1579 27.2794 46.4068 36.0294 26.9743 41.3503 16.4325 26.667 14.1986 22.0188 43.634 20.8194 11.4357 30.4525 10.3771 46.4836 34.9664 48.9036 31.3452 43.7003 30.7613 34.1879 20.2048 43.908 24.3058 46.5467 49.3494 48.1963 33.271 13.4237 34.7541 28.9885 20.0589 17.6876 47.9699 49.687 11.2551 49.8317 47.292 26.8102 41.0189 13.6815 30.1304 29.154 25.4433 25.1426 18.616 18.5078 44.9146 13.5185 20.4728 26.458 41.505 44.9313 37.187 11.8081 28.4265 37.375 41.5054 13.1482 38.5808 26.9338 16.2932 21.1048 49.2335 34.6959 36.7832 44.8018 49.8454 33.8948 28.2466 17.0641 30.0919 46.8081 41.1189 32.8957 35.1013 10.9469 15.609 25.762 44.9442
1
8.98822 9.03536 9.25503 2.66255 8.0742 8.1713 8.5397 9.87305 7.77511 7.54688 4.81844 2.82963 7.64602 7.81559 5.244 9.84055 4.33117 4.24547 6.28211 6.98511 9.99516 5.26756 2.89484 8.98064 4.95372 8.48175 7.56418 5.39766 4.28548 2.40155 3.93731 3.50445 4.20593 8.2188 9.87456 9.02222 7.98485 9.86959 2.68162 2.07222 5.18846 6.68286 5.30692 7.59598 4.02748 8.89261 2.28572 9.5299 2.59247 6.29521 4.21197 4.01557 2.75754 6.33298 5.51926 8.92692 4.53386 7.88526 6.35208 8.99552 8.65403 3.04827 7.30872 9.81531 9.16875 5.18499 7.83697 8.00793 7.83686 7.52626 9.06387 6.83 4.09018 2.60453 7.84084 8.50345 4.35421 2.80119 2.78538 4.55038 8.50611 4.2891 3.10058 3.41344 5.25112 6.65127 8.95377 8.64316 2.19865 2.4571 6.19539 6.93345 6.41938 5.07744 4.19959 3.28642 9.26452 9.01954 3.60752 6.5879
4
36.1814 26.5684 19.0526 31.0113 11.1715 30.7135 14.9545 32.6339 31.1417 31.1225 30.4123 31.3762 16.0728 27.4262 39.3999 9.19397 32.3793 18.8075 18.7331 35.0263 29.2906 28.2803 9.9082 9.4845 33.304 21.4451 18.3265 24.3325 17.3355 18.3497 10.5271 23.3829 13.1925 33.0772 22.0559 19.4341 19.9938 27.6884 12.5931 17.8734 37.1622 11.1424 8.9665 21.5714 14.6138 37.8204 28.6737 19.6921 32.7698 28.2783 20.5399 31.044 9.01631 14.8532 35.1347 24.5977 27.2348 14.7475 13.5742 27.7939 27.0316 21.2176 31.3327 37.2674 29.2882 35.4901 17.6889 26.6131 34.6599 38.0321 27.4324 33.8166 19.6461 29.7999 37.4545 30.9771 14.858 26.0914 8.84911 22.9452 34.1086 21.6265 35.1479 29.5026 14.95 17.4816 21.316 29.7074 35.2829 16.5019 10.1317 19.0304 22.6635 29.8185 8.57652 17.9078 36.9325 17.0923 30.8595 38.334
5
10.4673 22.4291 23.5326 18.0759 41.4716 36.7108 41.9352 19.3747 35.2691 45.4097 37.2559 48.5084 10.4552 34.9017 24.1997 18.6076 13.3489 24.3282 27.1857 45.4967 32.3852 23.139 47.7695 10.6292 43.6054 30.0837 34.489 28.0488 12.3987 41.3069 45.2917 28.0327 46.6527 45.2035 42.6977 40.0731 26.4696 31.6905 11.857 47.8533 45.6022 13.5519 21.6551 18.8753 49.7691 27.512 19.0245 41.3936 27.0017 12.6946 36.6185 31.313 35.1828 34.1232 24.0022 41.7055 41.9302 48.9193 42.5185 17.6042 41.9835 22.8544 13.9845 48.7277 47.2493 14.9128 23.3742 22.7945 34.6609 17.5198 25.6453 32.0804 27.0103 30.0941 16.8643 15.8786 11.9066 13.5783 19.788 11.5154 14.0184 23.6044 44.0559 36.5796 45.7566 29.9518 31.1513 35.0227 31.5525 19.9521 44.2872 49.7831 10.8892 33.4986 13.3713 34.5939 15.2411 27.3154 35.2091 47.6286
5
27.3366 30.3836 49.9554 13.1696 13.9771 36.8654 33.0699 48.5442 47.7507 11.4142 27.1162 39.5029 35.5668 26.7039 22.9197 28.6766 30.561 23.4758 16.7999 20.4177 11.3413 46.5748 11.8043 36.4219 14.4689 42.5407 26.9441 33.9217 42.2056 13.2861 41.4611 25.9818 17.558 10.3921 11.1569 33.4273 28.6504 24.5525 23.8176 27.9375 34.4583 34.6988 30.7633 35.8342 13.9316 11.3358 41.5541 22.0981 30.5419 38.621 38.8846 24.1428 14.2816 49.7164 40.6974 14.8791 33.1496 39.9471 26.5472 24.5991 36.1518 32.2953 15.2463 21.2134 19.8493 39.7622 30.8237 18.3706 20.486 39.1287 23.828 10.9924 23.7248 20.6469 25.0055 27.7536 14.0258 28.1923 18.3859 40.0395 35.6967 34.4089 30.8052 36.9117 27.6464 25.3783 24.8984 25.6136 43.8742 39.3442 32.5922 47.1458 41.7243 34.0227 16.1297 26.445 29.9382 27.0309 33.658 46.6947
5
17.6237 12.9617 39.0001 11.4174 27.2495 38.1995 12.3701 15.7787 13.7741 10.4118 45.6907 31.663 34.7728 29.9599 19.3152 22.2364 33.5897 20.437 26.1567 33.6373 17.6127 21.7585 31.0867 17.3348 47.8972 21.5145 31.1364 41.4542 41.5469 48.4944 42.9087 19.9756 38.2576 22.2873 13.6044 18.7129 32.4288 22.8652 42.0716 46.9785 42.2514 14.056 26.2828 13.8405 17.1758 24.8112 23.646 17.8779 35.1685 42.1762 20.5581 29.3415 11.1623 39.8669 17.603 33.6249 28.1057 16.3626 26.8052 34.9534 12.0204 46.4174 27.341 49.1962 42.4696 39.8992 16.1168 24.7084 39.8461 31.8619 19.6184 40.1089 20.8858 37.7558 23.4393 17.9012 43.8115 37.6838 25.8928 42.8416 14.5152 23.6103 32.1153 23.9636 15.1839 13.4259 15.0664 49.1619 26.7754 25.7783 39.832 31.2449 46.7508 19.5725 37.6375 14.3599 13.469 12.0479 45.9759 39.6985
2
4.76284 14.1791 4.24366 10.6183 17.7404 11.9464 12.4652 16.7051 5.36901 11.8934 11.5825 17.9307 11.577 18.9351 9.87784 19.2468 8.98735 17.2087 19.5054 15.7915 15.2616 16.73 12.603 6.4152 5.80806 13.8659 5.92547 19.6789 4.16722 19.9383 9.30942 12.6403 15.3858 12.269 9.28508 18.7368 15.6929 17.9802 19.1452 13.0813 7.7905 16.8624 6.78465 7.48018 11.0705 9.62203 11.6233 11.4886 4.07095 9.82123 13.9242 11.8135 16.4845 9.823 19.8195 14.3783 12.0304 7.05336 13.3575 5.361 7.50411 4.89356 6.8822 11.5186 13.3152 18.5146 9.05845 12.1099 8.82794 7.96672 5.85537 18.7296 9.81545 16.8361 5.79997 19.3659 17.341 14.7817 12.8139 14.9946 9.37851 18.2642 17.9458 13.0213 12.4845 11.7801 9.31131 5.88495 6.83488 11.913 19.5542 15.1354 13.9378 12.5147 10.1399 13.2964 16.3365 17.3292 19.7947 19.8279
1
5.8977 2.40525 4.58477 4.73209 8.46141 4.55455 2.11426 6.97272 4.39026 8.23902 9.35774 9.97106 4.49679 2.35091 7.25994 8.98672 5.27678 9.37045 5.85891 2.37359 9.09473 5.98008 7.70602 4.46387 5.97131 2.47613 3.40375 2.01508 2.50414 3.00903 5.79229 9.25134 9.45314 2.68342 3.31639 2.53012 5.52166 3.54937 3.10363 5.66577 8.86468 9.51596 8.28531 6.94091 5.85525 2.21849 8.09134 6.83728 8.6406 5.87052 5.25027 9.51682 3.01891 7.13204 3.22574 5.08471 6.16824 2.02502 5.82061 7.66528 7.75872 3.92756 3.68001 8.32214 9.97927 8.67787 4.22461 7.8539 8.01015 2.81945 3.54525 8.49657 2.47257 7.0185 8.79029 5.56388 9.38655 4.68512 5.57686 6.05698 3.16839 7.82917 6.95732 7.27454 2.19891 2.18245 2.4721 6.45456 4.49375 3.61805 3.82025 2.47927 3.00694 3.89846 9.67891 8.67416 8.0991 9.78349 2.20296 9.7326
4
24.6157 27.7287 28.9416 37.41 16.3932 33.7843 17.6735 31.2985 28.7615 23.5019 12.0896 21.3734 32.7771 15.4872 12.8379 30.2656 36.1878 18.971 16.183 13.4974 37.3278 37.4265 11.6947 14.2216 8.50767 14.8361 34.2447 18.4228 16.5227 34.2336 13.9335 32.207 19.9059 30.1471 39.5755 14.8036 10.5501 12.5675 27.3643 12.9064 23.3237 16.0664 34.3454 17.9757 25.3064 19.6906 32.3206 36.1304 24.2681 27.2562 13.8087 36.251 8.01785 25.6685 29.688 25.922 38.2464 26.8919 22.1455 32.8363 30.488 23.1955 28.5574 33.2877 39.8264 13.299 27.927 37.3769 23.9696 9.04426 21.5033 36.5543 15.32 36.2165 19.2069 39.1264 9.66159 23.1417 27.4871 11.3502 39.0935 22.684 14.2365 29.7397 8.8312 37.2687 26.3856 30.2117 37.5022 36.555 35.806 19.6925 32.5612 29.3853 25.1439 23.8148 24.4492 27.6339 33.2105 12.3252
3
13.0615 29.3631 20.9927 26.6467 28.1812 17.4448 10.4358 11.6109 15.778 18.8893 16.4317 21.5687 25.689 8.89112 12.899 18.0369 19.6657 12.722 28.9246 7.40112 21.9061 24.7827 12.0759 16.8226 21.9833 8.57476 8.5307 8.23584 28.5136 17.4355 29.3697 13.2812 29.9074 25.8796 10.3729 10.0169 8.54903 27.3914 14.6668 28.2528 16.7456 24.5123 17.5628 16.3515 16.7921 23.0652 10.9334 16.3381 9.49426 28.3619 18.4685 24.1653 21.4937 23.2356 27.1553 21.975 7.73957 9.74314 14.3269 27.2012 19.4491 10.38 15.622 9.35916 9.90241 26.6531 17.1998 11.3616 24.4143 6.85294 13.5546 26.2089 14.8269 24.8717 26.2728 25.8948 12.8672 13.9082 29.0769 17.3727 10.713 12.9057 18.4992 6.42515 7.11123 17.565 19.5307 20.2816 11.3922 21.7767 13.5868 9.82679 19.7236 25.3175 22.135 10.2447 7.94788 29.6524 9.32863 8.94107
1
8.27946 5.46255 7.75755 9.38967 5.59727 3.9069 3.05249 2.37394 2.85682 3.32294 5.31604 9.23628 9.17573 7.2339 8.01146 6.2808 4.92775 7.18939 9.64145 4.60544 8.56385 8.33026 2.28525 8.74619 9.90448 5.77614 5.93514 8.72216 3.05931 7.49216 2.78848 2.1378 2.13064 9.29073 3.65149 4.99846 4.85669 5.62497 8.61126 3.89566 7.35124 9.8298 2.13189 4.21814 7.09551 3.46709 4.73135 3.04512 5.3389 8.43105 5.39505 5.37789 6.06457 5.4701 8.88255 4.36604 2.67629 8.78153 2.08353 8.18458 9.56261 8.33514 5.57938 6.21819 5.69488 5.58213 2.56654 9.20882 3.41507 2.20551 3.29797 4.02297 9.56989 3.56829 9.19893 9.69479 8.14726 4.51558 2.81324 7.40136 7.57153 7.18707 3.73651 7.0263 5.81365 2.49591 8.69229 2.96807 8.47247 8.93037 3.90759 5.84909 4.98352 8.33459 7.94404 2.78202 2.11152 4.32442 9.14072 4.84942
2
17.2596 17.7411 18.9823 18.2678 18.9544 18.6585 6.73013 12.3624 11.7967 6.47629 14.46 7.92608 19.4633 14.5556 7.00273 11.9813 4.31988 19.8386 18.0674 18.3121 17.1592 13.6043 5.83156 17.2675 5.15907 15.0851 12.2824 14.4565 10.1227 17.0059 16.3719 17.3973 5.06373 16.1093 11.0473 17.1832 13.1981 13.7276 6.22042 12.2271 5.40649 19.466 15.7381 13.1487 4.22798 15.0581 10.4157 19.8644 10.4493 15.4571 15.1968 13.9447 12.3507 16.2248 4.50126 13.3009 5.67191 4.28071 5.82473 16.2622 4.36025 5.07427 9.65088 18.1086 10.1632 15.2424 7.74014 15.1187 9.12875 9.81477 5.85679 11.1979 19.0747 9.02945 4.99692 14.1476 8.09109 17.8216 13.18 12.6384 4.13654 7.04704 9.86652 8.95054 15.7924 13.5045 13.0635 10.5424 12.2363 7.81722 19.1821 15.5118 6.49796 15.2382 5.70752 15.0104 18.06 18.4404 14.7455 7.67522
3
16.7527 7.4023 9.27417 9.96251 13.9898 9.74252 18.9286 24.4639 27.6584 12.2085 16.9882 22.0245 8.27048 11.6559 29.0847 8.1102 6.3843 10.9548 14.2457 28.1651 23.1637 26.0258 19.389 8.01625 10.1124 16.7925 19.3516 18.3046 22.2025 17.7715 13.6725 29.6625 6.61579 6.01595 21.3474 7.35423 11.3165 10.134 28.7741 24.1012 19.6746 10.0991 24.1077 27.8076 15.3574 23.5717 17.2446 10.9075 23.7102 12.4512 22.6534 14.0511 25.8424 17.376 12.2711 26.849 7.63895 21.8915 19.6853 22.3933 27.917 14.0045 6.8186 8.27432 27.9436 22.8418 22.3357 6.81203 22.5367 10.1336 10.9915 27.22 22.9647 6.23861 7.13852 26.4216 7.86672 22.4303 11.6132 29.2367 24.4095 21.1639 9.21894 8.65771 27.9013 16.0413 14.0251 20.9338 10.0809 19.1941 11.7011 16.1817 12.3009 15.8024 10.1034 23.2427 9.82374 7.46876 7.335 21.5032
3
17.9424 9.44129 9.00968 18.5338 12.5719 12.6137 24.6778 6.61973 27.6861 18.4451 17.8328 11.6462 11.7165 11.9218 27.2427 18.6677 7.78053 8.49493 10.2437 25.9384 28.5228 13.6652 29.1528 18.3322 8.31183 22.8234 18.2105 12.9391 28.6378 18.6892 25.895 17.1832 10.5553 25.6937 9.45342 9.80507 18.0137 22.648 16.4929 13.0527 17.9194 25.0426 10.4751 18.425 12.7744 6.32044 18.9589 14.3107 27.7334 29.468 17.4339 9.86755 15.9251 6.2683 23.5895 27.4849 15.8793 19.559 18.8621 18.1732 12.9057 13.8394 16.1052 20.2249 18.2667 17.571 22.2263 23.4897 21.9882 26.5139 10.6329 15.609 9.15249 27.444 24.3332 20.5513 19.5172 23.5944 8.53369 17.7955 20.3032 25.1643 9.57827 20.5017 15.9954 22.24 15.0728 21.0177 9.00169 11.4708 12.0378 22.0609 7.01121 9.84416 29.9343 17.9225 14.8978 18.9041 13.4057 12.0356
2
6.82082 12.3842 7.24817 8.44916 6.09943 19.9391 13.4648 12.0997 19.3855 10.1923 19.0301 18.5386 13.2072 18.6583 18.9992 18.637 10.6274 10.4359 14.4901 18.9351 8.64053 12.0816 17.8015 13.5876 18.3405 14.2063 13.4585 14.6897 11.1718 17.1081 4.49706 11.2953 6.57531 19.7539 5.3001 19.4402 12.3431 12.4219 6.29811 5.48187 12.9929 5.3182 19.8464 13.0705 13.4764 17.4789 16.5918 12.0612 5.53181 18.2714 13.6405 15.6816 15.9962 9.80633 19.8411 8.26708 16.3865 10.5736 11.4937 13.8752 5.06491 8.6143 19.7985 16.0932 17.2991 4.54113 15.3558 19.3498 14.5307 12.7203 15.0312 18.0452 8.16379 4.92682 8.49655 11.8098 9.18741 8.78596 9.76042 17.2063 6.94254 17.3134 15.0008 14.1862 8.34767 9.86632 4.01139 9.61389 12.8947 4.81866 14.5753 4.17055 10.7279 4.27172 19.0773 4.95025 15.1183 15.114 8.66856 6.06125
2
5.09532 17.6462 8.9014 16.4079 7.47677 14.7783 18.8527 6.12407 5.82093 6.69361 17.6122 6.27643 10.897 12.581 5.28109 11.8249 17.2344 7.04491 5.65586 19.1517 4.04459 19.7677 12.5109 17.4042 13.6291 11.5483 19.3969 6.74506 16.3343 12.7793 4.01847 19.5716 11.1176 6.42503 14.2536 12.7683 14.7856 17.5631 10.8768 15.053 12.968 11.5517 6.04957 5.48097 13.8896 6.88575 16.639 11.1688 14.0024 12.8039 11.4288 4.3001 8.54025 13.7087 19.2841 14.4759 8.05924 18.4634 9.33245 12.4728 10.026 4.62626 6.22503 5.47034 6.51625 7.68707 11.5382 19.8109 17.0858 17.366 10.38 19.3541 11.8776 19.039 10.2627 19.4885 10.0261 10.3517 15.3051 4.86328 18.4223 19.0842 18.8259 14.9017 7.90152 8.32909 5.39091 13.1596 15.9162 7.04589 5.37802 8.59106 4.75735 8.05359 9.11996 4.7837 4.38538 11.5244 15.6894 13.2264
2
15.6862 12.8445 14.8983 10.7584 8.67215 16.7618 9.35283 14.4078 17.9346 15.4901 13.5415 8.4441 7.33523 19.7961 11.391 13.1104 12.5289 6.58988 15.0467 5.68889 4.75033 16.7976 9.63276 4.26345 10.0031 15.7166 10.8239 5.86942 19.465 16.664 5.03746 17.8441 14.9218 12.7316 10.0613 9.1898 5.04115 17.4602 17.9281 12.7617 4.30072 7.24459 17.8492 5.09417 18.3815 10.2836 13.0211 10.6765 7.83951 14.8853 13.1156 17.4918 13.8688 13.9425 4.26811 14.6312 9.96717 10.3882 14.3747 18.7948 7.31787 4.44675 11.5115 8.49459 17.7 19.4895 17.2886 8.768 9.73909 19.3112 4.95123 13.2183 14.3118 5.63637 4.04014 10.1916 10.9156 12.6709 5.42453 15.9051 14.8173 7.5091 16.5191 5.33659 4.7922 13.21 12.4985 19.6907 7.26686 7.35556 13.321 13.2518 16.6771 16.902 8.37467 14.4373 11.855 18.1381 14.5578 11.8643
4
17.2401 27.9511 23.4315 11.3879 26.8182 38.1115 33.022 9.3159 12.6309 29.7782 12.6165 17.54 16.8093 21.2106 8.12959 26.8533 38.0494 29.6981 14.5466 28.2057 18.5887 9.2871 26.9707 13.7678 28.106 32.4626 19.1574 33.5121 27.6707 36.9105 36.6593 16.4372 12.8654 34.4847 23.7081 33.5587 31.2077 23.5038 34.9575 23.794 24.9959 37.504 19.2124 27.8633 34.7028 35.5709 34.2693 31.3344 26.0442 19.3768 31.9938 29.9338 19.8458 34.0488 24.7582 10.2518 27.8342 37.9907 12.3666 26.9639 9.47615 18.7859 16.5906 21.6958 8.99215 36.305 34.4415 28.655 31.6689 10.1437 17.3039 12.1558 26.5953 36.5156 23.0559 29.1618 30.9473 11.7251 24.2998 9.97012 26.9468 35.3453 15.8302 26.1643 30.6193 34.2263 16.4624 34.9593 11.4751 32.4583 16.3479 17.0638 18.2397 36.4147 24.9011 25.1854 29.758 16.0007 30.4617 20.3037
5
49.2547 14.4847 31.0306 38.5934 23.5345 16.1032 25.4175 22.8342 11.7457 24.7377 22.0124 40.716 24.1337 41.5676 41.168 24.2449 23.9527 25.1803 15.541 47.2564 42.27 12.0679 41.4852 32.4416 37.3929 49.7526 24.2064 36.3931 49.6977 45.8233 12.4614 40.952 12.6434 46.1642 48.5814 29.1379 30.7502 25.6557 49.6009 13.9427 25.3248 44.6308 45.2747 18.2683 18.7135 34.3664 28.7629 14.2924 17.8645 44.8918 45.7652 40.5399 27.9803 38.3951 37.887 44.945 17.0421 41.5095 46.0171 12.1814 21.9861 39.7595 29.4989 23.5453 37.3156 47.4495 46.8768 27.6699 16.9262 36.2758 33.998 30.3545 49.9295 15.9422 25.2513 21.7878 21.2537 10.0617 33.7256 49.4482 37.8034 40.6255 16.0666 14.9611 30.9597 44.3191 37.8154 23.1952 36.2021 13.969 45.009 41.8788 20.6332 28.399 17.8241 40.0172 19.1873 43.9793 12.0462 23.3931
3
17.5742 14.8309 8.73712 6.21663 25.4707 13.1102 26.3365 14.184 28.1355 7.69787 25.6877 23.2874 14.0486 27.9614 19.8705 20.686 20.1406 8.82833 18.7998 15.3831 20.77 26.3023 12.6924 28.399 10.2014 26.191 26.8315 24.703 11.6805 16.6403 7.72344 16.4983 16.1962 21.069 26.7404 21.4543 28.0266 6.09611 21.3426 21.4782 16.1613 29.0567 27.9735 25.6224 8.6936 15.6979 18.7231 10.7188 21.2766 24.6504 19.8507 23.3351 20.7377 13.2685 20.2632 12.6472 10.9438 21.4324 24.0418 25.82 22.0119 15.9069 7.10997 11.4921 29.9591 11.8495 24.1381 18.9564 7.88495 14.0628 21.7774 26.6321 27.78 22.5842 24.3169 7.42026 26.0553 17.2058 19.8581 28.5379 27.8851 9.52085 9.09986 21.4234 23.4577 17.0873 12.8285 15.3081 15.2278 12.3048 8.20558 26.0462 17.2638 24.5972 9.94834 21.7989 9.7842 28.4953 14.4956 9.1642
2
11.5317 11.2268 15.1369 8.83329 18.2407 11.7411 5.86861 18.4788 7.78185 17.656 15.1592 16.333 5.70273 11.0148 18.6822 9.32302 16.1345 10.3518 19.6389 10.167 19.7922 7.86198 17.7095 15.0344 10.5812 9.50477 16.5182 6.54661 19.6229 19.8551 12.4229 9.9314 15.5119 9.51412 7.44221 10.143 5.61675 18.8916 13.1337 5.76041 11.2374 12.1735 16.2339 15.4767 9.43181 11.2861 8.87368 16.9914 18.3234 19.6697 14.1819 10.1191 10.7032 17.6751 10.0885 15.9258 16.7377 11.3936 10.1408 19.7067 12.5962 8.73472 4.14449 13.6168 11.8095 8.56355 9.44316 10.7676 12.1721 12.7098 7.64707 18.6022 15.0015 10.6617 9.62524 11.3609 17.5661 18.7568 15.5725 9.45026 11.4944 19.6824 8.96418 9.52815 7.97859 4.09823 15.2114 9.11695 18.5839 16.1932 19.8283 5.55759 4.47783 12.99 8.92528 13.1169 18.8899 7.20843 14.8395 18.0609
1
9.2437 2.02511 2.67548 3.22363 3.90178 5.15222 8.10857 9.22737 9.2179 6.50766 2.63343 2.73402 2.43519 2.6806 6.42051 9.59216 9.7078 4.92865 5.19093 9.33349 8.95156 7.68688 6.8076 5.30122 6.49593 8.7608 2.55822 5.60312 9.81841 3.98486 4.4115 6.67054 4.64277 9.12732 3.52768 9.20469 6.68228 3.82315 9.30479 2.29128 4.30919 6.31585 2.24171 5.46497 2.43182 9.78971 3.89944 4.50467 3.86026 9.0736 5.24174 2.74116 6.44225 4.49761 8.63645 3.65807 8.25023 7.68378 8.79863 6.56764 7.10093 4.05212 3.95689 3.14237 6.68879 4.82326 2.52415 4.58393 3.61427 3.29895 8.55399 3.21053 3.5886 4.20151 3.2639 6.24394 5.09588 8.85383 5.90669 9.57752 2.79405 8.98072 3.27131 5.30643 8.9359 3.91329 3.09426 6.80133 5.09125 9.97725 4.66297 5.10675 2.45171 8.84669 9.89227 4.4454 6.99927 7.6443 8.15526 6.6098
4
27.9268 37.5918 10.9801 33.3989 27.1256 27.062 21.9956 24.9585 20.6377 34.5533 23.9528 24.7167 13.1946 26.4459 13.0038 9.66609 11.1069 25.9454 25.4661 30.112 19.3221 9.91953 27.2287 18.0616 18.8348 30.9951 19.8234 38.1846 23.0766 17.5397 33.7885 37.9717 31.9085 24.1527 39.9473 17.7155 29.8425 17.2918 9.22809 12.9381 23.1163 16.6588 39.6503 25.8911 22.2468 12.9701 29.1014 18.7536 12.6869 18.7373 12.5302 25.1513 28.2109 8.68224 18.1802 28.6237 33.6535 26.4121 33.4905 32.6633 35.6272 37.9792 39.2863 18.9522 15.8433 16.9501 14.8863 10.4205 25.6611 17.6104 16.7504 15.7527 20.4914 32.9281 25.2942 23.9657 12.6774 17.9032 30.4942 33.6844 9.48038 18.9255 34.9086 13.7399 10.7926 37.7682 12.7394 19.7137 29.2046 34.8413 31.5612 27.056 39.0509 36.329 15.3398 9.39977 25.0591 29.8372 11.3675 30.6976
4
27.9087 31.9048 18.5176 31.0278 37.9993 13.6358 31.855 14.5792 37.774 38.2255 34.9574 33.0881 30.8451 38.9174 26.3726 34.5219 31.4147 37.6166 33.6052 32.0278 36.2517 34.6147 14.596 24.2994 14.204 34.6285 30.7964 27.3197 39.3673 33.2791 21.964 13.6064 30.0382 20.1345 24.8038 11.084 35.5747 30.4421 21.5798 13.7077 37.2906 29.6757 20.8228 35.9645 29.5077 31.0218 20.2587 11.3761 34.8911 21.9305 22.0822 11.1291 36.193 19.8557 22.7014 18.9564 38.5296 9.30969 35.0788 10.3965 36.3164 32.3576 17.7915 36.5537 18.9859 8.67585 8.93857 20.4865 29.6147 21.3001 35.0183 38.3466 10.5829 20.1882 12.9015 9.39626 10.3922 15.7217 31.025 31.0262 21.7666 18.2724 27.9319 10.9015 9.16231 11.9587 38.2813 8.35901 19.8097 34.7151 8.4543 17.1819 24.4142 28.803 15.8811 9.87593 37.6406 29.8839 38.2131 15.5728
4
9.00706 29.2528 23.1337 36.2774 32.2705 25.5398 9.96846 34.192 23.3383 16.9929 14.79 11.1637 14.837 12.4967 30.1986 33.2809 23.3353 19.0065 16.4637 8.22347 14.9995 24.3305 16.2854 17.4799 25.3675 9.18842 20.4877 39.6524 36.8679 18.1692 8.26851 10.4751 25.7068 39.2155 17.6313 21.1695 21.7502 25.2572 13.6229 16.7637 33.0245 15.6216 34.004 27.9985 14.4616 34.8428 11.9748 26.4475 36.5132 30.4977 27.5838 36.4742 17.259 23.6911 19.4421 25.6523 21.6341 13.8174 12.3702 31.2742 27.4009 19.2216 36.6006 28.5716 17.4892 35.3867 10.1628 14.275 18.3318 20.2707 24.0746 19.1354 31.818 24.4196 37.9647 27.0338 8.49186 15.4799 17.7528 10.3044 17.6197 10.7379 19.0105 10.8946 9.75119 19.308 15.6291 12.989 15.4003 39.5969 17.4197 32.72 31.4698 13.6689 36.2685 26.5929 39.0449 32.1351 12.4754 28.2473
5
21.3304 37.1954 34.382 27.3519 30.1476 31.8763 30.9413 40.6194 18.3499 47.7427 38.6841 20.4934 39.9704 25.0881 21.3905 47.8169 48.3048 22.3389 29.4741 18.2383 27.8163 21.2606 42.0152 42.2536 13.5238 29.6865 41.9799 29.7229 31.7797 38.175 43.5322 20.269 46.3419 37.0004 40.3445 30.9632 43.649 29.885 13.8121 42.7049 41.2018 30.8785 30.0795 36.7017 12.9603 40.7897 24.7841 42.4554 15.6605 49.5785 44.4228 48.6607 49.9577 41.1133 43.2487 38.4233 40.3031 26.7004 24.604 20.2019 47.4595 23.7915 45.595 15.8828 37.5621 26.2759 14.0154 17.3915 21.6314 22.7634 16.4252 13.2481 29.4434 49.2638 46.2894 36.4727 31.6648 32.6702 11.0853 35.2482 14.158 31.4512 27.2822 17.7437 18.3627 49.9596 22.1017 12.5088 11.6609 12.7619 30.9636 35.8418 21.6307 15.3973 29.5242 27.5395 18.0953 17.9701 29.2131 46.4346
1
3.33536 6.22399 3.83453 2.64998 7.96804 3.31117 8.5636 5.28051 3.90376 2.58629 9.1366 8.03601 8.96811 2.87017 8.83644 4.55984 4.30762 7.22575 4.2214 2.57063 4.15466 7.88091 5.05924 3.56757 7.46984 3.88025 8.46688 6.84277 2.61808 5.12207 7.41191 4.45698 6.2346 2.43692 3.73214 7.83501 7.43709 5.36391 5.82953 4.63695 2.54042 3.28096 9.19459 2.56156 3.42989 3.54536 7.91769 6.73803 8.74956 6.30079 7.34336 3.36237 9.06167 9.60717 2.02397 8.23472 3.13358 4.54941 5.12894 8.85366 4.50833 9.9815 9.46576 6.72408 3.5152 6.56206 2.26911 8.53452 3.87643 7.73763 5.91427 8.86051 7.0664 3.33004 6.71109 9.04993 3.57945 9.38394 3.93483 6.94683 8.26274 3.9309 5.24996 6.10988 2.87021 2.32622 4.68341 7.1816 2.994 7.81478 5.30329 2.06486 4.52963 6.98213 6.75943 9.56266 6.83098 5.74705 7.84207 9.13754
3
12.9429 12.3414 10.6785 27.8915 26.4037 8.17733 11.0829 16.8901 6.7084 10.2645 12.6319 14.965 14.8206 22.5544 12.2063 8.75965 8.56996 11.3922 13.4261 15.183 15.1481 22.9383 14.0952 28.3227 28.7773 22.2225 18.1179 6.04075 17.6466 19.4278 26.9784 8.84245 22.2088 22.995 19.8783 9.61541 20.932 13.1431 9.62548 26.8302 13.5991 15.3992 27.3683 15.7971 10.2501 23.7308 15.2689 14.5736 27.8597 8.87575 20.2085 15.1142 10.8445 13.4618 7.62044 20.2587 29.494 29.5115 12.542 9.15143 12.418 7.92382 6.98146 19.685 27.1058 19.5288 20.6918 10.5631 16.6886 17.307 26.4466 11.5754 19.0017 23.3683 18.9111 20.6788 28.0379 10.2839 26.2015 24.4786 7.88694 24.3651 15.2281 20.7033 23.2547 24.4825 17.914 23.2666 24.6554 20.0194 19.3844 12.5106 8.37131 17.5536 19.2195 15.2246 29.273 11.8604 10.8662 25.0311
2
11.4109 14.8352 5.27894 19.1441 19.1343 14.1109 16.9735 5.7211 6.37463 8.8762 8.91019 15.4936 5.12656 16.4753 4.43334 17.677 11.4472 8.46256 16.0393 10.3805 8.53724 12.9541 6.23729 9.52798 12.584 6.56973 4.07872 10.7748 4.18058 7.77899 10.1682 10.2352 12.1317 19.4624 14.9686 13.8314 12.4607 16.5013 11.2119 17.077 13.4285 18.2085 13.2301 5.108 13.3781 17.4123 4.01633 10.7728 18.2168 6.00612 6.83104 16.5947 5.34823 4.77654 18.1638 18.4189 12.8679 9.32235 6.8643 12.5562 8.83298 7.87672 12.2552 8.23694 15.4203 6.84517 10.0383 11.1865 6.7846 19.872 18.8074 8.13532 15.4292 12.2475 11.9803 18.0765 5.90193 4.46833 19.9621 8.08233 6.62915 14.7639 11.3522 19.4935 18.6993 4.4012 10.0084 6.29237 8.40957 9.57983 12.7789 11.4736 6.38783 7.73122 12.7169 15.2245 4.10191 14.033 4.58843 8.7266
3
10.5877 8.02073 10.3861 7.23003 11.83 9.63018 17.7477 8.01993 16.0741 24.6899 14.3719 13.0208 11.7176 23.1355 23.5394 19.7059 9.70872 17.1001 29.6433 8.89231 24.3958 27.3444 24.6585 21.802 25.3278 21.0359 11.7338 27.3948 13.8486 24.2208 26.7503 26.3157 24.3301 18.3324 28.6894 27.8003 23.8871 28.0807 19.6555 21.8838 26.4176 22.065 17.3953 27.2539 22.8129 21.455 13.159 13.0957 7.18057 26.0835 29.7464 27.2684 24.9245 21.2945 16.582 29.1601 6.52577 22.8901 20.6622 11.5633 20.8676 27.5203 22.219 17.9153 27.9488 29.8602 29.9443 27.2469 16.829 9.9164 28.6171 21.1836 28.6499 15.8083 25.9789 25.3425 26.575 17.367 19.7003 19.4692 12.4939 27.8962 23.2821 24.6582 28.3324 13.4376 7.73655 10.0001 21.8137 26.8864 29.8894 11.0007 18.5142 26.2991 8.14966 18.1136 16.0572 18.738 28.5888 15.7326
3
23.7349 14.1745 12.2144 17.5464 28.1453 28.9935 15.1574 23.5539 17.6259 28.7438 19.8292 29.6975 21.0618 8.01483 19.9848 21.3765 28.9931 29.3586 18.6173 16.9915 26.9724 29.4777 24.0064 9.1002 14.796 26.7175 12.3752 9.3634 28.5793 22.3316 9.12531 8.74693 20.6436 21.9886 14.6181 6.45045 10.1835 9.98953 10.4708 27.0308 11.6847 26.6646 24.3375 27.1891 22.059 25.4177 21.1409 7.68975 17.4673 7.88736 18.7277 27.8812 12.7971 29.6939 15.9124 18.286 26.7662 11.2399 22.8808 12.7294 17.618 14.0345 9.92096 11.4755 28.3798 17.0084 28.4505 12.8399 18.652 9.29033 20.3089 12.7459 17.8956 21.9121 13.2844 17.6958 17.1895 14.9115 14.8423 26.6232 6.4239 22.3025 26.0259 15.0977 17.8994 27.3803 27.4966 9.34769 19.3011 6.83097 11.6837 7.57374 9.01585 12.1138 21.0112 16.0176 24.7611 18.5853 14.1711 17.2584
5
31.2645 27.3436 43.851 18.7566 18.2685 42.7591 27.089 47.848 35.7428 43.929 22.5498 21.7734 11.493 32.4982 23.869 12.7538 29.3626 11.3437 12.7579 44.2896 29.4126 37.8928 40.785 13.1338 40.7192 19.7894 23.8554 24.9384 29.4491 38.061 17.0447 13.7326 14.8652 32.9456 27.4418 45.3867 35.922 17.5329 32.66 35.22 41.1049 34.377 42.6692 19.907 24.1706 40.2362 12.6081 13.8403 18.4445 34.0972 24.2317 10.1045 12.3321 33.6381 43.6494 16.2184 18.699 35.2889 13.0117 24.8018 20.7774 23.0433 43.8008 29.322 47.2549 21.18 49.3811 45.0787 39.2011 36.0484 44.4665 25.5799 21.4896 22.0759 29.1603 14.469 21.3697 17.1523 25.224 43.1565 26.8468 42.5484 42.232 14.3134 47.5245 12.5236 41.2668 21.3832 30.568 28.7807 13.8127 44.2679 34.4419 44.9229 23.5033 11.345 33.0809 16.0686 28.379 27.9701
1
8.26861 9.17914 2.57647 9.35355 2.78028 5.63285 3.65479 9.98677 3.74052 6.68241 3.88671 4.69364 3.46437 2.19108 2.346 7.41672 2.9757 7.09874 4.32958 7.66345 4.29324 3.85316 6.95928 9.9601 6.57472 8.73817 2.34466 8.15584 8.02493 2.50514 5.21315 7.98312 9.47439 3.7139 9.91365 5.28072 9.53458 5.18938 7.69995 5.28552 7.23609 8.00021 5.20023 2.39951 6.05595 5.36557 2.97877 9.83805 7.24035 2.89651 7.09625 6.56578 6.32905 3.57797 4.57479 6.92634 8.78766 7.89777 3.67408 4.3722 2.65413 9.52886 9.88474 6.70087 4.10559 8.97104 2.54527 6.20367 5.85189 5.55833 2.98871 2.13336 4.26207 2.23841 7.12544 2.89682 3.12993 3.53021 5.36815 9.37923 5.98503 5.06604 2.80544 6.80561 2.85542 7.12436 2.53013 2.54646 7.38817 6.55958 5.0287 5.27328 2.23413 3.5351 6.53788 2.87062 4.60309 5.46574 5.27492 6.51055
5
37.8995 44.253 26.2031 14.3759 30.31 11.6711 12.9626 24.0709 47.7415 32.1606 10.3383 48.6637 48.1841 19.839 15.6341 38.8199 15.3816 15.0284 31.5051 29.1471 15.5234 39.7356 14.0674 35.4253 45.2467 25.7344 40.5206 33.8905 29.8572 16.653 20.1916 28.9787 20.6718 15.4744 42.9044 25.9339 10.3926 18.8553 28.5831 14.6898 35.4154 29.671 31.9943 41.4288 43.982 49.1905 46.5345 14.2254 19.0801 20.2898 40.9694 19.1808 14.9979 23.1094 13.0311 13.4544 16.4404 34.5609 13.7792 11.5978 19.1126 13.091 26.6328 11.5998 20.6761 40.1073 34.9784 37.0449 20.9858 19.4735 22.262 41.7964 20.5123 46.4794 18.4686 33.6052 15.8572 47.692 36.8989 23.055 41.2657 23.0952 35.146 14.2472 35.0458 31.9221 44.1817 23.6327 39.7966 33.5881 19.4553 43.3981 15.3554 25.1301 17.9141 35.8095 33.3677 46.559 34.8498 14.9238
1
8.39302 4.92394 9.47817 2.83837 2.75584 4.84287 9.12692 8.36736 3.9907 2.01158 5.98845 7.95438 4.02792 3.33675 4.89049 2.65903 9.51238 6.64637 9.06966 3.70123 4.28655 3.97501 8.92515 9.25559 9.20391 2.28129 2.93117 4.75595 7.42937 4.25373 7.86423 6.36658 9.38261 5.86114 9.50166 9.27594 5.48081 5.304 6.94762 8.46964 4.83695 4.02292 9.74272 5.6385 8.06986 6.42046 8.91364 5.87816 4.38244 2.9526 9.11892 9.83654 5.06409 3.24611 3.04716 8.96513 7.57379 3.898 3.22397 9.53066 2.35996 9.61339 8.38386 9.04325 8.57335 4.338 7.56322 2.75731 6.82934 3.04148 7.07091 3.90139 7.17572 4.80797 3.49237 7.29337 4.42231 5.88989 3.88379 3.99711 6.98869 9.38149 4.31243 4.67685 7.42617 2.16822 7.89938 7.30562 4.77038 7.80824 5.52098 6.88391 6.88071 6.0023 4.32528 2.82486 6.92267 7.30824 7.21957 9.66213
1
8.45651 8.76745 8.74111 5.39644 7.24683 6.09188 2.94336 7.11337 3.27584 5.28768 5.8557 9.01781 4.2547 8.36896 2.69551 2.49756 3.43981 2.82172 9.93272 6.71491 4.27027 5.13693 9.3143 4.49939 5.7871 8.19568 2.93596 4.6081 5.86536 6.03767 7.39265 4.8851 9.29067 7.54409 7.03873 8.8508 5.71102 8.56652 8.3894 2.25295 4.49549 6.03271 3.69443 6.11018 7.53089 3.56076 5.71549 4.77953 2.98759 8.11279 5.73838 5.57915 9.0859 3.21942 4.85136 8.49737 6.8942 6.30636 6.52083 2.51955 3.19003 7.65424 4.49566 3.10375 2.41536 6.52297 2.07132 3.33664 4.7575 9.97201 4.74518 9.30081 5.38658 5.90755 2.29418 4.18478 3.88114 3.88809 6.30603 7.66689 2.87287 7.21955 3.19538 7.10442 8.94195 5.87114 4.73604 3.05911 2.79399 9.74335 4.14057 5.69031 7.75005 7.81918 7.7185 4.54719 3.58091 4.72995 2.1444 8.29094
4
26.7859 8.92844 39.8363 39.9659 18.2232 14.9248 14.4539 38.4026 26.6627 13.274 19.7552 9.53454 19.8775 29.7789 21.5538 24.7312 38.2382 14.1534 31.4342 15.3626 38.9419 13.4961 29.1974 16.5663 36.0788 28.258 8.95505 22.3218 26.1624 10.3293 10.5009 27.4561 28.7463 22.8703 37.5811 8.20626 35.7552 13.5118 28.6906 16.9635 23.1534 36.5489 22.0202 30.8236 26.5754 39.7547 24.178 33.5697 34.5459 35.4376 28.3124 18.7108 36.9112 11.3684 27.2596 25.2026 30.1091 33.2004 35.3424 37.4747 12.9024 38.01 12.443 37.3896 14.1988 10.5806 39.9776 23.7581 10.585 26.0556 18.396 15.0365 15.1979 34.5859 19.8306 26.8304 19.5595 39.5967 37.5226 23.8303 21.9983 17.2976 25.6468 13.8036 32.2854 21.0629 11.1631 11.2682 14.1068 26.3053 35.3173 22.473 22.9997 39.4688 10.4187 19.3101 37.3766 10.7663 33.5165 37.7831
2
5.05325 15.9164 14.5078 10.8104 7.4605 4.62752 5.83912 19.6752 8.89002 13.9559 8.14207 18.1938 8.84806 9.45149 13.7285 14.422 4.48305 19.3661 16.6759 16.0616 12.241 6.0165 10.995 18.5932 16.1858 4.57766 19.2438 13.1209 11.5474 10.8692 18.15 9.49101 12.06 15.6977 15.8051 10.2484 5.65194 11.3168 10.9925 18.9915 7.05215 7.56857 17.2109 10.6899 7.8727 19.2673 17.9577 19.5258 12.7322 6.38953 11.833 7.82277 17.9817 8.63214 6.02743 15.6236 17.5949 15.9008 12.7564 6.48045 12.7872 16.292 11.2033 13.019 5.9233 11.1303 17.5334 5.83976 11.2787 14.6242 9.54237 17.3189 7.2153 11.7024 16.5004 15.8706 14.3348 11.5932 16.7553 6.23418 8.17233 18.7098 9.65741 19.3481 18.9926 18.4035 8.36713 11.373 7.25061 15.1477 8.11006 15.4274 19.2807 4.71486 4.44003 13.5968 11.7749 5.9098 12.0738 8.78077
4
28.992 35.4909 22.6321 34.5996 26.2606 24.1758 32.5579 9.22829 29.8072 36.4904 10.9723 10.023 38.0805 15.6211 9.19716 27.5135 24.9338 31.0009 18.089 31.8353 9.67629 25.2966 35.2511 13.0824 23.1028 32.2811 28.5373 25.8551 12.1277 38.2157 18.4716 38.632 21.6462 11.3662 30.2088 36.5885 8.25054 24.28 25.6609 34.4871 24.4236 17.4474 30.4149 16.2659 15.8363 8.972 38.0663 17.9486 18.3742 26.8773 18.5942 34.5025 13.5162 8.67184 13.4014 15.2677 20.6934 16.7996 19.6463 28.5848 21.2503 38.6002 14.491 12.244 20.6348 23.4038 29.8893 38.3817 19.4422 17.3855 36.5421 13.4495 23.9367 8.80521 11.6428 13.8803 10.6777 32.2563 29.0391 34.0769 23.8738 32.55 26.4361 11.3474 16.0899 20.8587 32.2646 8.41357 10.9341 39.7447 10.8412 26.1156 22.3473 37.6985 28.4444 14.9401 37.121 17.8115 10.9308 21.9943
4
8.29078 31.8385 31.4853 38.4936 14.4128 28.047 38.7965 24.3528 8.94905 23.1493 38.5167 27.9683 35.2376 21.1498 21.4049 31.792 12.2518 31.4951 8.01266 30.7925 21.9391 32.1911 10.0872 11.7755 25.219 26.3602 30.6949 37.208 36.7638 24.3617 17.1903 13.6678 36.6873 15.6032 9.1564 13.0461 25.2674 34.1648 27.4404 38.6265 26.8262 14.3642 26.4096 24.1659 16.8938 36.3853 15.5541 30.1029 10.7802 34.0969 16.559 33.0176 15.6797 29.1852 9.97345 24.4685 36.4349 11.7263 33.5993 23.3314 13.0828 35.3228 26.7263 29.7655 24.3092 14.9302 14.3377 20.9309 10.9369 35.4974 17.4116 32.5833 9.57126 35.5469 11.4426 26.6711 38.5301 9.81937 39.31 21.0587 34.1804 27.1075 16.6157 37.5024 19.8095 39.4047 23.6188 8.00268 25.1537 10.4929 29.8901 11.659 18.7103 36.0947 21.8127 38.1509 26.9578 39.7159 39.0532 17.972
4
19.5031 36.3108 26.391 18.4542 10.4441 11.2553 33.1335 35.4497 21.6502 35.1153 22.8195 8.97977 37.7157 8.02533 30.521 24.261 31.0785 35.9421 37.4954 39.9207 25.0606 8.21814 20.6436 33.3171 27.6516 35.0757 33.5256 35.5735 23.6624 22.6062 14.5582 17.9493 28.8722 30.9205 18.0182 15.1747 25.7954 29.0731 35.4784 15.3726 24.6917 36.389 23.2992 18.1943 21.4467 15.8134 23.8026 30.792 15.9449 12.9142 19.7526 35.2551 38.5635 18.158 33.7672 33.134 12.4092 30.0876 32.2868 24.6767 22.9248 37.0244 33.725 12.4033 38.4896 26.9214 28.4251 30.6439 21.639 14.9917 30.0488 18.6638 34.5281 22.7368 10.0215 35.0015 14.2652 14.0011 18.6591 38.6453 21.7382 25.6762 36.6017 38.6723 15.5612 34.6808 36.1782 13.9751 34.7646 38.8411 36.3288 36.7018 17.8548 37.2963 38.7078 17.034 29.8675 20.0548 28.5941 30.9269
5
17.9325 42.4361 20.5807 16.1101 46.6732 25.921 47.9055 16.8041 49.1453 38.1451 15.8291 34.2979 29.3855 15.2953 35.4203 20.9505 44.1307 26.8921 48.3863 27.6831 42.1471 10.0218 10.3587 38.125 21.1992 13.7477 22.5212 44.8909 26.5641 40.1051 20.4869 19.3955 44.9969 18.0872 39.3291 36.6122 18.0545 17.0279 43.6745 26.1821 48.6839 15.7883 41.7624 31.2787 44.9798 34.1519 12.3782 26.6359 15.02 42.8364 23.5669 37.1444 36.6833 38.5263 12.0316 28.4232 16.3561 40.3353 22.1255 10.7729 40.4351 14.1015 33.3413 47.9159 13.5315 20.9246 35.2067 31.9313 47.2827 16.3495 18.4895 15.7889 33.6785 16.6031 41.6209 24.8905 46.8079 38.2908 21.2422 39.0229 26.9321 27.9586 25.7813 46.1309 10.7905 47.927 20.9647 39.3141 22.0465 34.8036 26.1728 38.4557 25.7777 17.0798 10.5424 27.8894 40.9182 48.2181 27.7256 31.509
2
18.8697 19.3465 9.78555 15.0104 17.3271 7.46037 18.4256 17.1522 18.4241 18.1298 15.2327 16.8683 14.3729 18.9312 16.216 17.4739 18.8032 14.956 4.20904 17.2528 19.4912 13.6836 8.84436 17.3023 17.6579 15.1263 11.7519 15.8048 4.14602 18.5567 17.2934 6.03914 14.7897 9.1302 9.14547 15.4435 11.2891 19.7162 13.0438 19.0421 9.90261 15.2493 10.0012 12.5494 4.26837 6.91404 8.31108 6.46294 16.6687 7.4743 10.6508 10.4584 8.04919 19.0616 16.5947 17.3984 5.10517 8.73352 12.852 16.2689 6.74811 7.11482 19.5401 19.3538 4.2644 5.43471 8.80656 12.9619 5.47898 18.2717 12.1128 17.0184 5.23639 11.3189 16.4907 10.8325 8.51168 5.48286 6.08564 14.3546 8.4637 16.6271 13.2983 10.2351 17.7433 6.27426 15.8375 19.9979 15.3689 6.57884 15.9964 11.64 11.4819 10.8823 18.4655 7.9709 4.2945 9.16435 10.9934 17.0035
5
43.0248 16.5218 37.1559 15.1149 39.1348 17.9891 25.8931 36.0562 44.5656 30.764 12.2185 29.8015 44.4852 20.9733 38.6745 27.8005 43.2109 42.3158 12.7999 43.6893 37.5055 45.731 43.962 31.9835 18.2347 34.0309 32.3792 46.8132 10.5433 34.1521 45.489 38.3554 12.7051 49.6828 26.8191 14.6204 23.8038 46.3226 32.5172 26.2489 40.4 32.9307 40.6951 41.975 32.3427 30.8181 28.7446 32.4126 37.8782 13.9417 23.7809 29.8201 48.2163 32.6544 41.369 21.5008 41.7073 23.6696 37.6907 24.4948 17.7873 18.8945 10.3076 19.2187 10.8479 35.7898 32.6767 29.7087 34.1867 21.9112 17.574 48.1248 34.1938 36.2897 14.584 31.1713 24.9326 20.3063 16.8098 46.0892 23.2685 40.7171 21.9608 13.879 14.7046 17.4864 22.9741 27.4076 30.0779 39.0826 13.3256 32.0574 23.2748 17.8941 22.1879 26.5728 10.1196 48.4204 44.59 31.7604
1
3.67576 7.35746 8.75356 7.22167 2.17263 4.10398 4.56155 2.13442 3.07472 6.99031 4.01092 4.22864 6.03809 8.8524 3.77377 2.00449 8.57183 6.40964 5.71809 7.16137 2.83865 2.67732 7.17643 4.12306 3.49317 2.33099 5.70527 5.21757 7.96396 7.92849 4.74135 8.41815 8.58575 2.89634 8.56127 8.55147 9.98794 5.18642 4.95054 6.87942 7.1457 5.50933 7.9883 5.96063 9.5 6.05072 3.35411 2.69807 6.55263 9.5767 8.56288 2.47891 4.34264 2.8347 6.53434 7.31294 8.21037 4.156 8.90316 4.87577 5.25526 7.16615 3.47609 3.36299 9.89386 6.50955 6.24234 7.06177 5.92413 5.49446 8.34336 5.54584 4.50234 3.56465 2.40844 3.40036 7.4388 3.50395 2.66218 7.38275 3.21875 8.28001 7.21028 9.92587 5.15455 3.43342 4.90971 9.8897 7.07545 2.91849 3.22971 9.4678 5.96126 6.30201 7.50963 8.15483 2.92608 5.22604 4.02012 8.68132
3
27.4287 22.924 25.1431 13.7864 7.24172 6.47271 29.8813 17.6085 8.97578 20.1256 10.9789 16.3546 24.8218 28.298 29.6407 26.9814 21.1409 21.3645 14.4058 12.6336 6.66692 19.7775 12.0169 25.191 19.2533 10.6294 10.006 6.18085 23.0087 26.001 21.8399 10.3986 25.6638 26.4401 27.47 14.5808 12.0142 26.9149 16.1293 15.4737 15.2829 20.5845 24.2208 23.6426 6.2454 29.7314 19.1405 21.3634 29.9623 19.1995 13.8806 6.94227 17.9625 13.6809 11.2535 13.8062 29.7204 22.1958 6.58312 22.708 27.2716 27.1087 19.7063 27.3898 20.8109 13.0258 13.1277 16.0494 13.1153 16.915 15.172 20.9516 16.6364 18.7958 28.9785 10.5304 15.1073 26.3388 10.1793 28.3238 11.5044 16.7221 10.1072 29.0862 22.2115 29.0858 11.3766 20.4221 27.2276 10.9302 20.679 20.2837 12.2634 11.7997 29.6407 18.6781 28.5687 27.5981 12.5825 17.9257
4
29.9375 37.2226 28.2157 33.1251 27.7703 39.2501 18.3561 9.27256 19.5934 38.4171 16.4114 24.9291 21.6545 28.5348 17.0411 33.7846 18.3268 15.3326 18.1741 20.3597 32.8916 38.5045 28.8591 17.8231 19.1124 34.4537 20.2183 37.8194 20.2246 12.359 30.1295 20.9305 25.9665 32.1889 32.2622 20.3978 22.2763 25.2872 20.0919 39.729 32.28 18.157 28.5175 8.81395 19.1953 16.0656 15.7082 39.1762 9.7766 27.0981 15.803 18.9836 36.9261 11.2821 21.0891 16.4443 20.0956 27.4101 20.2839 24.2118 30.1048 26.1844 19.5456 17.4255 17.0 26.3091 8.83669 26.0102 39.5796 10.154 36.2666 25.8614 27.2096 35.6164 17.0376 37.5393 32.5563 12.8045 31.6195 29.0983 21.8589 10.1689 19.7774 27.676 17.3688 10.7053 25.0782 20.4669 38.5799 30.8557 8.5005 33.706 32.8744 18.7304 17.7736 18.2871 26.2105 12.279 35.0691 10.641
5
45.2584 28.4888 18.8912 21.252 13.5495 13.758 34.0633 38.278 33.2668 17.2198 19.1987 43.681 24.6373 45.4047 38.3061 12.2797 14.0043 20.0594 12.074 36.7658 27.0359 33.2852 35.8857 35.9484 23.4594 16.4284 44.438 33.0797 45.9783 17.8787 40.6193 44.4167 46.0269 14.9343 36.3058 28.1766 19.0202 34.8863 22.729 34.041 11.7548 10.4817 18.073 23.3659 14.6158 44.9199 49.9567 40.2537 41.2486 11.5389 20.458 23.6429 28.3491 23.3476 11.335 40.5725 38.2305 37.5611 37.1015 10.7765 16.822 30.2942 23.6135 42.7658 49.7557 26.5699 39.8208 31.5524 29.1986 40.7993 20.3428 18.1739 14.0848 32.8888 26.522 21.1727 16.4055 35.1308 23.6137 20.1872 36.2121 15.0349 41.7669 21.8117 17.9887 49.2547 38.4528 27.8798 11.0509 33.7674 29.9975 16.3286 26.6262 45.4617 29.8748 14.8001 14.2738 40.2913 21.4158 37.1351
4
21.2028 19.8805 25.8061 23.3126 13.4637 24.4246 14.4616 12.1969 16.4336 26.1947 15.9839 23.5916 12.4374 36.3672 39.4154 8.21091 28.8466 34.064 37.9227 15.6415 38.4205 33.6815 29.7134 30.0744 27.7049 26.4319 13.8222 32.0621 25.112 13.722 36.3911 11.9262 16.3067 37.9962 35.0688 20.4408 34.5254 28.6659 25.1538 30.4152 17.4506 24.7529 15.1075 30.8034 22.2674 31.8702 39.0605 14.9627 22.5269 27.1653 29.9389 12.6888 22.4409 25.8527 32.8338 35.6504 16.2333 34.9576 18.2412 37.8495 32.1735 15.8988 34.7946 32.7327 28.9156 17.534 9.11766 36.5766 27.7705 9.29274 12.4211 27.7749 8.53351 8.0228 29.4681 23.6501 32.4939 12.174 33.5342 32.4156 8.25167 32.9452 26.9864 29.9139 27.965 8.0189 35.1064 22.7543 33.6553 31.5092 16.7825 11.4765 13.1931 29.747 15.6965 27.3644 13.5912 36.5286 19.6292 8.53555
2
10.7669 16.9003 6.68356 12.0596 10.8604 15.8908 16.8085 15.7892 6.34622 18.1489 19.8948 16.1273 19.4924 10.6912 13.938 15.988 17.8652 18.7254 11.4387 8.38503 10.7562 18.7348 18.9279 5.24664 12.1978 15.6649 8.36166 12.1144 18.1263 16.7747 13.9452 19.2887 5.25826 6.71648 11.9508 19.9821 11.2407 16.4048 13.0912 6.0452 7.63816 14.2383 17.0113 7.82527 17.3194 8.23674 10.4603 8.72169 19.8061 15.6551 18.7071 17.0 8.14528 8.6384 15.7615 5.42751 4.86983 12.4782 14.9635 9.29203 8.60729 9.03513 9.50279 5.36777 6.90124 5.88799 12.4325 14.3894 18.8068 11.7736 17.7374 9.5977 6.82327 14.8789 12.021 17.9187 13.7259 16.5481 10.3731 4.33954 19.8598 16.9673 13.9805 14.0427 12.4582 13.3892 15.0436 10.862 10.5477 11.4608 18.5606 6.62151 17.0026 6.21509 6.54292 7.92201 17.3117 5.29148 14.2237 14.9351
4
39.7289 25.3848 25.2791 22.2139 14.8844 17.1337 32.747 16.4886 26.7043 27.0882 16.7868 21.058 27.863 36.2041 31.3901 32.8667 10.4485 15.8905 12.3925 31.0002 16.6068 30.5208 37.0137 26.0444 20.134 29.2959 21.6576 35.1103 39.6406 34.0876 38.5968 37.1505 19.9128 29.8837 8.16746 35.1909 18.0966 24.4628 27.0981 8.10378 23.3282 15.9224 9.59883 22.5474 26.4379 30.6853 13.8354 15.6955 36.3502 18.6095 10.4121 15.384 35.8069 39.8269 33.491 36.2977 37.0371 33.9352 31.1689 18.8239 21.9993 38.1685 19.7414 25.1963 39.8214 33.1716 34.4743 19.5551 38.0623 11.0023 17.512 38.5487 36.4212 35.9876 15.5441 31.1005 11.5188 13.0584 11.8574 29.9673 21.3762 38.1875 37.3977 13.7136 18.2155 37.5565 29.4659 9.72706 22.2085 34.0757 34.6747 36.8993 24.7967 19.8829 16.7893 38.5989 22.2094 21.4456 10.0781 28.559
5
41.9111 18.3433 33.227 24.1257 41.2104 24.95 33.0849 44.9948 26.197 43.9597 20.0363 17.1232 36.2164 42.6441 34.8345 13.1377 33.1697 31.7245 11.4652 17.1617 30.5826 28.332 47.6028 25.2779 37.9883 32.1357 16.7102 36.7343 35.7829 12.2917 21.9378 18.552 45.7073 32.8733 41.9781 16.19 12.1133 14.4348 49.0315 32.9236 19.169 39.3674 49.0416 30.5912 19.1616 38.7029 24.3533 14.3691 17.0511 28.0214 48.952 14.2261 26.434 30.1191 16.4405 25.7183 42.0712 32.0927 30.9071 22.7778 44.1373 14.4965 40.845 45.152 19.3475 20.2288 26.2759 13.1503 34.1177 40.8029 19.2359 12.3549 44.9155 27.6602 47.7798 40.9497 20.956 26.1809 23.6587 22.3264 44.4013 40.0488 43.8296 15.6222 23.2181 43.6257 25.9504 46.8459 21.8506 49.9934 48.0189 33.2485 24.8636 32.3176 12.311 43.5953 38.7147 26.1911 23.7738 26.9941
5
22.0895 44.3059 14.217 12.2745 18.864 44.3967 14.6184 44.2167 25.3634 29.2374 42.7449 37.5608 45.4264 26.5828 34.6978 12.1562 37.7633 21.5197 18.0401 14.4227 16.0584 44.2582 25.0599 24.6501 42.1519 16.8224 28.8783 39.2124 44.3315 23.1711 19.4323 17.228 42.7652 37.28 26.365 31.1965 14.1057 33.7163 25.8533 11.1443 37.2996 15.238 38.4048 41.8095 12.6304 21.9471 14.6559 22.3977 16.0284 36.5308 36.201 28.4398 40.6776 30.1186 48.4845 45.2829 47.9511 43.2903 32.7878 32.746 19.7067 46.7621 14.3411 10.4719 33.9733 16.286 33.5925 23.505 36.0597 26.2907 17.6644 17.6286 27.1174 16.7967 19.0298 23.9909 42.1878 18.1367 18.4389 22.5526 19.7656 28.0124 19.127 23.8856 34.9098 25.4191 49.3361 38.8559 17.9332 15.9688 20.1803 15.7205 10.7015 13.1439 35.8866 34.17 22.5739 30.0121 43.4428 15.8491
5
25.4649 40.0909 19.5959 11.8352 30.7005 21.9573 35.1275 32.0724 49.374 23.9548 11.846 21.4653 18.6663 35.2873 30.6708 42.0051 10.3344 21.287 40.2194 38.4098 38.6411 14.0885 23.5966 49.5528 42.6044 12.037 43.9548 14.3269 33.9709 41.735 45.2332 10.85 12.3216 26.6344 14.4806 17.9205 18.7143 36.0808 42.1701 17.6268 29.2711 18.715 26.9097 28.0175 40.1145 14.139 20.9567 24.74 25.0612 46.7527 22.9415 40.5513 17.4774 35.6665 34.2069 21.6096 17.7042 24.5979 45.1697 29.4515 37.4564 45.6559 28.1102 27.5617 42.6043 20.9222 22.7964 21.4408 45.7423 35.7329 11.3487 11.0782 49.9511 47.569 48.7522 24.7364 35.161 24.4605 45.421 32.9517 28.52 36.811 48.2234 31.6594 30.1763 36.5491 36.3715 33.3478 15.8781 27.5129 18.584 35.1494 47.7995 20.9729 27.9265 42.7729 14.997 20.2014 20.7359 39.1856
5
24.0303 13.1401 39.645 17.7905 24.8811 45.9392 40.1061 33.1774 16.1784 12.349 27.009 47.3401 21.0905 31.6567 17.1185 15.9145 43.3972 21.0666 21.5441 13.134 42.0782 20.4039 12.7951 25.504 40.4056 22.4553 11.7311 12.7544 32.8224 44.7282 22.6881 36.8509 42.8871 28.4097 35.0631 29.8468 15.5675 40.3066 39.6367 21.3562 37.1632 23.5473 17.9157 16.4303 26.1388 32.8274 32.7776 44.6176 48.1492 19.9801 38.6969 30.9897 18.5382 45.6523 39.8357 29.9131 45.5907 42.8678 34.2792 12.3492 37.8217 28.2598 32.697 47.464 48.5811 26.7517 49.7128 49.3265 41.2576 25.4703 16.2622 29.4806 48.3612 42.6703 11.2203 46.1685 27.7666 47.4524 20.5816 10.9886 49.399 36.0563 42.4715 43.7689 15.6421 20.5096 46.2718 36.4367 48.7515 15.4141 24.1413 16.6661 48.553 38.6497 23.2127 32.0851 13.7079 31.7794 16.7469 45.8226
1
9.66475 2.85096 6.0848 7.57837 2.41345 8.38127 2.4016 9.07981 6.44141 8.53309 3.15523 5.3751 4.67233 3.71905 9.15633 3.67784 3.77871 9.30638 7.21692 3.57934 4.88823 9.27565 4.51325 8.1489 6.23601 4.52058 8.41018 5.44096 9.29387 3.8202 4.27823 9.4401 9.90794 7.51465 9.83449 3.47544 5.97578 3.91583 6.53876 7.13537 7.19427 8.48416 6.57613 9.71415 2.40966 9.80273 3.95714 3.22138 2.10082 8.38002 8.267 5.98581 3.52708 8.31249 9.59489 9.88459 8.07185 7.83836 5.17472 2.22926 6.31334 4.81361 4.26856 7.33971 8.3535 3.14174 9.82397 6.83743 6.93663 8.18831 9.43659 7.68922 2.88862 9.21159 2.14905 9.03262 8.40843 4.84063 9.61761 4.81434 9.74274 9.63187 6.17774 9.27295 8.77519 5.73568 8.33984 6.29704 9.06142 5.704 6.2464 5.69013 5.84118 2.47026 5.62184 7.37352 9.5587 8.53306 2.74628 4.55846
1
3.55088 8.23382 8.08894 9.30681 5.72568 2.21132 2.66107 7.03137 7.76278 4.0625 3.30441 3.54609 9.69365 6.64418 6.90465 5.45112 5.30495 8.43954 3.79461 3.59004 5.65094 8.55549 2.19952 9.56212 9.40821 2.35152 4.72775 7.31911 8.97895 5.10597 6.81313 4.2528 3.24894 5.12627 9.01526 8.17938 5.90664 5.70927 5.08391 6.62727 8.22957 5.35785 5.69387 2.83418 9.24414 7.66019 7.75646 4.86006 4.16538 2.23789 5.21393 2.22194 8.02263 4.16909 3.22302 6.45704 9.37751 9.29312 7.63399 2.02032 7.04049 4.80254 3.6712 7.92275 4.6922 8.52919 3.72168 4.51657 8.31573 8.33026 6.13786 9.83379 9.34635 2.98071 4.9607 7.88412 2.44458 3.9783 8.46941 9.31864 8.79924 3.66751 2.46423 6.86546 5.8664 5.08846 4.1882 5.94359 2.45062 2.95726 2.79447 8.86126 4.03483 7.18394 8.26523 9.00501 7.26488 2.33421 8.68849 5.4257
3
27.5802 26.4528 8.07815 12.6771 24.2125 7.08565 16.647 10.6164 29.0025 20.4193 21.5351 26.8312 9.36563 23.6642 17.3994 15.7713 26.413 18.5629 29.8677 25.6116 8.84765 16.6892 23.1059 25.5457 29.5374 12.4472 19.4836 14.9519 13.1098 21.6154 10.6829 19.2756 16.9107 9.27898 13.5938 15.4724 25.6721 16.9935 6.33967 27.8542 6.23165 13.0247 13.7776 17.1829 14.6489 27.5079 17.8154 7.85623 10.0605 12.37 21.8918 16.0276 19.6194 23.8587 28.9602 19.5054 8.86111 11.5229 10.3232 24.2747 17.8409 15.4865 20.6591 24.4854 25.3861 19.8615 20.5852 18.75 17.8062 12.142 6.1012 11.5955 24.4062 12.4248 18.2576 6.91305 8.14489 10.2985 20.3909 6.24858 9.78353 17.247 20.2711 6.77849 13.868 16.4085 28.5043 23.8143 18.8878 29.5366 26.5345 24.68 7.95672 23.0044 27.5883 26.8052 26.3573 28.6981 7.90635 18.8788
4
12.7459 22.1848 39.3936 25.4023 26.6455 18.7965 27.6982 16.2741 10.6569 19.0975 38.1593 37.4198 12.0499 32.3788 11.5343 21.628 27.3944 19.8431 10.0048 39.3944 21.0459 39.0345 35.9644 16.1066 34.391 14.4335 14.8778 9.70615 30.4772 20.8435 22.8379 35.4554 22.6526 22.1932 15.4446 32.4319 19.8408 32.3802 18.6313 30.3768 33.0749 8.78004 22.0635 39.5218 11.917 13.047 39.7346 26.0194 35.3865 29.8303 10.3839 23.6015 34.0242 26.0319 18.3621 24.0923 23.7155 9.22965 11.5692 33.3985 15.8987 11.892 25.089 15.6042 24.7828 32.0083 39.1464 31.7938 24.2 32.7609 16.012 24.228 34.7186 15.8618 28.4788 16.4991 17.6399 31.1822 16.536 36.2896 28.5054 25.2964 28.8653 35.3585 34.7383 15.5675 21.7845 25.3825 26.0452 28.3993 24.2635 16.2747 30.2024 16.2789 13.6367 23.607 38.8518 8.23483 38.6389 35.7614
5
37.1849 16.1254 43.6318 23.1617 22.9868 33.6929 20.4531 47.1437 23.3421 42.909 48.6299 11.3092 19.4399 38.4004 42.9762 16.3997 11.2149 45.8981 15.7027 11.6987 19.1028 31.0301 38.6614 11.0522 10.5643 11.9824 39.1869 12.8359 11.5321 18.6875 14.6898 31.5272 32.9397 31.1936 21.1592 18.5368 12.4867 39.8728 20.7298 19.9577 21.7968 20.1244 43.4698 48.8859 39.1252 24.2278 48.5476 39.9708 37.7723 43.0041 39.9303 23.8506 30.3579 19.9397 41.774 29.1295 39.115 10.4305 28.6589 29.552 12.3564 48.8011 35.8277 24.0322 37.2729 15.7573 44.5819 27.1921 49.2183 48.9257 47.9942 38.0676 47.6366 49.1388 32.0907 24.6367 38.7895 45.1208 17.6618 11.8263 15.4388 29.23 37.8559 10.6551 13.6411 46.9158 16.7135 16.1678 16.8103 12.5436 43.7972 31.816 47.2043 14.2472 30.0745 47.9451 34.9925 40.4625 20.2093 32.0392
3
16.9533 17.1752 18.342 11.3062 23.0002 7.89366 6.19383 10.9188 11.4978 12.8995 11.1445 28.9768 29.8789 10.8188 20.3017 8.50948 8.48668 7.26632 17.2158 22.2632 12.476 17.0123 14.92 26.6905 27.7966 13.4733 20.4103 8.37198 23.4759 19.2452 15.7868 15.5906 6.42205 13.3976 23.2718 29.7757 6.96325 9.24832 15.3267 21.5372 11.3449 14.3361 13.0829 14.0075 7.40114 22.3116 26.3092 6.21019 27.6213 24.4639 22.1315 23.1747 7.82822 10.6023 19.7251 13.5148 29.6888 7.01189 6.1978 17.1907 9.27443 13.2016 22.8824 24.173 11.8909 17.1632 9.25838 6.7264 27.3955 10.8606 29.7199 14.0341 14.2213 29.6678 26.4102 7.87924 18.3263 29.4744 23.3405 12.1036 11.2865 21.1768 9.01268 26.5621 9.75261 24.2753 26.7632 26.2911 12.4871 7.29415 24.0491 12.6104 17.2023 12.7446 25.8928 16.8766 25.4178 22.3487 27.706 11.6077
4
12.889 22.2846 32.0189 34.4915 8.14516 19.3621 31.8797 23.5361 9.94129 17.733 35.2076 10.591 31.8193 38.7064 25.5796 15.1331 24.1728 37.3821 23.009 15.7413 32.7798 39.5199 38.0957 24.5992 26.8524 16.4569 37.2573 18.6091 33.7296 9.19937 16.1645 18.2424 9.33793 28.813 30.5072 37.2514 33.5436 36.2374 9.21579 18.3672 19.5234 24.6486 15.2616 38.1092 22.2774 11.4968 27.1634 15.8304 31.4097 11.3412 18.3236 26.1251 29.3012 36.6102 31.3197 17.7216 15.8008 21.4096 16.275 21.9871 28.5584 19.5044 10.436 22.1688 36.1256 11.6007 28.0779 38.4962 36.9495 9.0497 29.8672 32.2695 33.3835 29.1018 28.8028 8.05985 37.841 36.8343 13.8625 29.1456 20.2164 20.8772 20.4807 29.3101 33.6991 26.0638 12.9796 16.125 28.1044 38.1298 20.0813 20.8466 19.8482 39.5857 12.6252 22.0464 15.6875 19.8889 12.6149 14.105
4
37.6842 25.3164 28.8161 26.6789 17.5865 20.2846 15.0605 16.0327 32.4226 22.8161 28.2767 29.7142 20.2899 13.5102 31.1836 28.244 27.7354 23.6634 25.1064 27.594 35.4701 32.405 11.571 19.9049 28.4996 10.1537 20.6268 35.8397 29.2953 13.0221 8.52332 17.1955 12.6323 16.7938 11.365 8.40091 12.7181 19.0971 21.3696 31.5231 37.2365 18.4012 20.3553 9.40948 18.9341 30.4599 37.0812 13.5894 11.3712 22.8272 39.0661 33.56 11.4648 8.07045 21.5113 8.08292 15.4472 32.3057 23.9514 35.1145 26.8655 27.68 37.2591 12.9966 31.2475 17.4268 27.6279 21.5322 24.0583 18.1174 24.159 39.5699 26.5729 15.7356 32.6764 35.7245 32.2903 16.1997 26.3952 36.8562 26.5125 18.9557 16.0689 10.9351 37.7163 26.269 18.2402 16.9155 27.3391 16.8377 36.2199 26.2445 8.60716 12.3531 16.4199 12.6312 25.0295 21.633 38.6639 18.6998
3
10.8052 22.5448 21.0416 25.0311 28.9661 22.279 11.782 13.4776 19.0244 15.3707 6.66915 21.905 17.4908 8.54314 10.1953 16.997 7.49966 17.1588 9.72807 20.7823 9.64665 7.98745 14.1525 6.93899 29.0843 19.069 14.8196 22.9899 16.4712 27.7658 29.3948 16.4846 6.36814 8.09691 11.1996 25.2601 26.6742 24.4498 12.6412 29.8761 26.6978 22.7616 13.3224 20.3164 29.4551 18.2643 29.4281 19.0512 23.7908 16.888 22.978 24.5547 29.9137 21.4157 23.5443 13.3699 9.94277 23.4824 17.0234 24.8169 21.0548 8.51479 26.0589 22.4357 6.82981 6.70189 20.7075 24.2593 20.3867 13.0934 23.9429 16.0103 22.9031 13.9177 14.59 7.31381 15.1134 26.2141 28.285 21.0222 17.3783 15.8723 23.0536 27.7437 19.9202 21.1741 18.1011 11.6693 6.81785 22.9298 12.4102 23.7925 19.3537 20.3033 11.7368 12.6142 14.3081 9.42068 18.6011 20.4273
1
8.12196 2.10851 8.63333 6.89147 9.50564 4.61709 9.50484 4.44772 9.47642 9.66004 4.48577 6.19716 5.75836 3.13434 9.17284 8.51867 2.28685 7.89427 8.3518 3.92663 3.49956 5.89066 8.26035 7.38917 2.79793 3.51964 2.7246 6.80895 3.08513 8.58711 8.07528 3.07283 5.28713 9.29511 3.75005 3.07664 6.76274 7.65654 9.48803 7.13126 5.50924 9.74423 4.0229 2.15634 8.06953 5.18082 8.18076 6.06785 9.04727 2.27554 9.2891 2.76572 8.13611 3.21431 5.80292 9.12785 4.56944 5.70917 5.05452 5.41668 6.8967 7.51359 9.03299 6.50465 9.99262 8.20967 9.09978 9.32474 5.20564 4.6735 4.54653 9.95234 3.55179 2.62516 5.90143 5.72474 5.86008 4.66929 9.89042 3.80449 7.77597 9.2327 6.95933 3.59277 9.5289 8.80519 4.26341 2.39922 2.37026 9.88985 9.03029 3.7743 9.58798 3.06909 7.20284 9.91049 6.00414 5.59258 6.26795 5.51865
5
16.5985 10.9872 39.2984 38.671 13.0883 33.7311 18.8149 31.8048 45.6753 48.798 44.2014 18.0804 25.886 36.0817 14.3077 46.4761 11.0837 32.2429 29.7099 35.2432 31.3216 44.5546 28.6368 27.6565 27.8187 42.6603 12.7225 25.1316 41.9662 49.651 46.4928 24.1135 43.7693 43.8673 24.4896 13.1438 38.6319 32.8331 49.9414 16.5116 21.3895 30.7261 38.8858 40.8963 36.4966 40.7932 13.6487 31.4067 13.2758 34.1152 39.5892 33.4227 15.1338 46.1284 49.0136 46.6482 31.6508 42.3081 46.1667 27.7779 12.45 14.4219 37.206 28.1871 11.7531 18.7573 39.0649 23.0494 42.5275 37.7309 11.1115 38.2893 49.1333 36.2854 43.5085 31.7746 17.3735 34.4802 26.1821 35.1568 10.8567 27.6819 32.3037 32.7641 12.5759 35.7619 20.1934 23.9539 20.6117 12.706 27.5488 45.3315 16.8647 38.0425 41.9079 19.2401 37.7246 21.4965 21.2503 24.9295
4
14.6505 20.4127 12.6233 10.8664 14.1713 39.1397 32.577 28.0362 28.4059 9.67293 11.9183 24.6276 19.1545 12.8428 38.5281 38.0763 39.9143 21.3367 34.3808 37.4064 17.862 16.2035 14.2347 27.3962 16.4091 28.3362 28.2074 14.0343 34.9536 19.5591 16.861 21.8933 10.4542 37.9425 39.4218 10.0425 21.4524 33.9716 31.7603 21.1284 31.1664 12.1931 18.755 10.245 18.2817 16.9666 17.6672 24.2209 8.06515 34.9431 29.1497 33.9468 36.4252 32.898 8.51527 10.3695 23.5454 37.5421 37.8905 10.7767 21.7138 11.9366 31.8789 17.9977 29.9764 27.1361 13.3588 19.1454 16.2363 19.6852 20.0413 18.5242 27.4258 33.5942 22.4126 39.3287 20.3759 29.4172 17.6864 16.7587 14.0077 15.0601 24.3912 37.1751 19.4711 12.9409 30.2166 9.92197 12.8564 26.1293 17.7455 10.4392 31.1019 14.0893 8.69489 13.2916 31.7253 24.6507 11.2925 13.7392
1
5.74267 8.46306 3.7739 5.44953 6.70549 6.94148 6.28307 2.20799 2.7366 2.11349 2.74249 9.61732 5.9977 8.12469 7.98043 5.2362 2.47958 6.5759 7.73313 7.76053 8.52333 2.20562 3.33431 8.34674 6.68585 5.98709 2.01443 5.86541 5.98083 3.17114 6.84121 4.6162 9.52645 5.80612 6.33235 3.03551 2.63107 3.26609 5.77201 3.92805 4.3482 2.31854 8.26203 6.7536 3.5319 6.26303 7.53936 8.50018 2.42395 8.67171 8.5908 9.67491 8.80402 7.2633 6.09638 7.94378 3.73405 5.44151 4.73256 3.9516 9.92815 3.02929 7.3666 5.85339 3.77916 3.7302 3.17325 5.08844 8.07334 4.84796 5.70511 9.92828 8.42415 8.79563 8.94775 9.32984 2.45663 9.92559 3.39104 5.62501 4.77343 8.21155 4.14784 8.57796 8.7339 7.31386 5.1512 5.34127 4.07739 4.55935 7.46158 2.84229 7.422 6.36707 7.71502 9.13096 8.67017 8.65091 2.74384 6.22025
5
26.0851 26.5326 27.9808 49.7646 26.0407 24.4107 46.0914 18.6329 11.5683 12.1509 19.897 45.4843 35.3225 34.5421 28.1443 25.6156 34.5715 43.2108 11.9225 36.7928 40.6478 42.3938 17.666 21.1721 14.7593 39.3906 21.2814 32.9168 12.1915 34.2281 20.4326 31.0417 26.9323 13.0669 12.0127 47.0154 38.7498 39.8827 41.8362 46.6523 34.7551 30.9517 43.5807 15.8255 27.482 46.6733 34.0107 49.5312 21.5131 25.2602 41.5151 33.8374 10.6849 12.8274 34.9877 40.2463 17.9029 34.4111 10.0839 42.0026 39.5973 40.4496 39.8845 11.8793 46.8519 13.2564 26.9962 30.9715 45.2359 48.0175 24.1231 48.0296 45.3709 32.8438 40.1371 18.8639 46.2637 42.4097 18.6807 45.3502 23.4368 49.7099 46.3332 23.5698 43.8876 10.4645 17.3704 40.6135 39.9069 24.7047 32.1503 49.5816 23.789 10.0699 16.1551 42.3103 15.4643 11.3472 16.7214 29.3576
