100 100
279 200.55
279 212.658
279 95.921
279 117.834
279 171.031
279 256.357
279 218.632
279 171.061
279 180.971
279 168.295
279 159.696
279 196.258
279 157.606
279 162.212
279 102.261
279 109.421
279 124.012
279 168.598
279 105.592
279 168.381
279 131.903
279 190.719
279 116.779
279 50.0
279 94.175
279 110.655
279 211.602
279 143.065
279 163.495
279 136.551
279 73.6585
279 214.622
279 223.719
279 99.4707
279 203.919
279 207.559
279 80.861
279 251.72
279 150.969
279 250.894
279 243.853
279 131.426
279 241.631
279 149.976
279 65.3497
279 166.159
279 69.8907
279 225.944
279 133.146
279 90.6736
279 140.899
279 178.587
279 300.0
279 117.857
279 182.391
279 137.279
279 159.54
279 129.923
279 71.5244
279 119.644
279 133.431
279 230.612
279 133.794
279 190.345
279 158.711
279 152.179
279 179.039
279 143.685
279 203.228
279 163.309
279 156.848
279 227.786
279 166.931
279 151.377
279 284.253
279 119.007
279 152.611
279 174.067
279 197.942
279 154.078
279 238.836
279 214.227
279 269.128
279 104.872
279 61.2307
279 149.104
279 154.132
279 152.156
279 173.297
279 123.23
279 208.532
279 117.895
279 201.913
279 206.541
279 103.296
279 128.902
279 82.1205
279 113.02
279 50.6598
279 157.762
1
2.37627 5.31695 5.57118 5.83591 9.15027 5.82114 5.7796 5.67768 4.49169 6.72159 3.6284 9.12322 6.32598 3.48818 3.58675 3.73334 3.52031 8.07946 8.12691 7.39602 3.0342 9.79799 2.8878 5.30806 9.6352 6.56233 8.73168 2.95125 9.33563 8.25158 4.8502 5.71954 5.70687 3.77907 9.07588 9.85327 8.22727 5.55128 3.55556 3.33675 9.82005 6.9682 3.9418 9.41557 8.73737 2.62152 4.25865 7.3897 3.94682 6.84679 3.59799 7.33873 7.17666 8.28582 2.80267 5.43553 4.77594 8.11562 5.29271 4.50454 4.54583 3.60004 2.19083 6.48084 8.69844 4.6205 3.90355 5.42651 4.09924 4.84187 6.31409 3.76022 6.9495 7.16995 5.74335 4.35654 9.06488 5.15661 2.83521 5.17108 2.9065 8.00904 9.52236 9.04782 8.52062 6.85914 3.22903 7.36473 3.54339 5.94953 6.46666 2.17409 3.42665 4.3922 7.97902 5.49366 5.04129 8.15626 3.59279 4.405
1
9.4528 3.2159 7.81713 6.76244 8.37225 4.75309 4.95507 5.71846 4.03081 8.64646 3.6486 6.06604 8.62604 2.18921 9.65453 8.6505 9.77462 5.26618 5.67882 6.368 3.55685 6.64933 5.70636 6.09412 4.88965 3.44222 8.42511 9.77702 7.25955 8.20466 6.77567 4.22637 9.84665 2.28876 4.65752 3.12936 8.07105 7.9177 9.82339 2.82501 5.59286 5.53837 5.99274 3.36801 3.79706 8.97924 5.21583 8.41335 6.79448 4.94459 3.51942 7.45308 9.97016 9.37653 8.86557 9.93624 6.1103 7.21577 8.4546 2.80346 5.13911 8.09277 8.40358 8.96732 9.49669 4.48014 8.83151 2.26971 9.18939 4.83782 3.38257 4.44759 6.54372 4.28217 6.21852 3.6382 2.69505 5.31017 7.51164 7.95516 7.84263 3.11014 8.46941 5.66654 3.30171 3.9901 8.92213 5.5063 9.38451 3.455 6.50485 4.65022 7.1409 4.46423 4.46473 5.88768 7.99023 6.40044 3.12517 7.52048
2
17.1824 5.51389 15.2487 10.0587 5.66571 11.1805 4.92069 19.0585 12.2414 4.41981 17.963 7.44741 10.2185 15.1576 17.4806 5.56466 11.6906 5.40518 18.4081 7.14695 4.62214 12.4607 17.5646 17.286 13.0731 12.0759 15.7505 15.758 7.3732 17.4017 12.7027 9.53776 19.0593 5.52396 19.7173 16.31 19.3877 19.403 10.7543 16.79 4.23429 13.0288 8.83661 13.6664 12.1949 19.6047 12.5548 18.9786 14.6982 10.5716 15.4912 19.7414 4.94396 17.2858 7.37551 7.62875 8.47877 19.1622 9.78394 18.5301 14.2223 18.0966 11.1953 19.791 4.75618 18.9778 6.21591 14.9507 12.6875 8.10422 11.7854 19.7898 5.90098 9.31503 17.1774 15.4992 16.5106 13.6507 4.60593 4.78462 4.32405 14.3538 5.25101 12.7169 5.63278 15.0231 15.5158 6.14339 18.1392 10.7341 18.3273 13.4699 4.83425 9.93675 6.29434 10.6285 19.6381 8.94523 19.5332 7.04157
1
8.27847 7.92073 8.12976 7.45249 7.86574 4.25142 3.49568 7.83872 3.50782 9.26896 3.02565 8.79838 4.27991 5.75004 5.64467 5.82776 8.05597 5.8266 4.45208 6.63255 8.9445 6.59959 7.74936 6.83758 9.47885 5.63983 2.21315 3.22423 4.84309 4.15746 2.4944 5.27703 4.4148 7.62097 5.52506 7.82063 5.90604 3.60727 5.81358 9.5282 7.38364 2.66394 6.01041 4.08282 8.45022 5.96495 7.02477 8.77284 9.86702 5.54103 3.97392 5.30267 6.89994 4.86611 8.24623 5.60004 5.66995 9.58083 5.95926 9.4012 5.78914 4.13464 5.0941 6.39514 6.56366 4.12749 5.58722 9.70813 8.04483 4.13256 8.66114 5.50991 4.20964 2.78118 7.67506 9.52262 7.55183 8.89114 8.77679 7.21393 2.36498 6.41984 3.63719 4.45536 5.99866 2.02324 2.54839 9.4273 3.36897 9.00214 6.16701 8.55182 2.00478 7.41689 4.18369 9.23453 8.91085 2.15172 3.20007 8.19683
1
3.99216 5.89499 9.66227 6.38394 6.88412 6.3342 8.17981 2.32795 7.02377 7.4218 2.31313 7.222 4.17214 8.50805 5.52913 4.26922 8.06884 6.80749 8.57713 9.59952 6.35869 4.89948 8.32299 7.6033 5.49738 8.68429 5.14039 7.54895 2.29249 7.95098 7.51548 2.64029 9.73582 5.71342 4.52116 6.67012 6.78364 4.47056 4.81724 9.42629 3.74088 3.54728 2.83275 6.00645 8.90557 7.67209 6.78656 9.1977 4.12977 8.94783 9.20273 4.07747 6.95331 2.37179 6.57667 5.99184 2.96648 9.06125 8.8484 9.06752 6.05799 3.34102 5.33931 6.41379 2.20445 9.84887 7.80841 9.17068 6.45759 6.81536 5.28456 9.55947 8.78546 9.67428 3.33076 3.09205 2.42394 7.15981 2.39688 3.09503 2.39471 8.04681 3.91697 6.70521 3.84599 2.6904 6.80746 9.49238 7.87226 5.52112 7.02252 7.86589 4.46928 2.65191 6.82275 2.42109 4.28059 6.75315 2.41353 9.38202
3
25.7122 17.3396 22.9284 27.9739 29.201 13.436 29.7042 16.1788 19.7709 12.7447 16.7805 26.8036 22.4091 20.9988 6.32641 20.9181 24.077 27.5308 24.2767 22.2033 23.4088 24.9332 26.3981 27.7101 27.7938 26.9393 17.7863 25.6354 11.4365 15.6173 22.3882 6.20887 21.9895 18.9734 21.1424 25.7841 29.3505 22.0547 7.33285 6.22853 28.22 20.6489 25.7478 13.7048 24.0109 28.6718 20.2392 14.9388 17.7056 24.3383 16.2754 11.0667 15.253 18.2094 19.0817 15.1552 21.1007 24.2095 21.9616 17.4896 29.4543 8.70778 21.3931 16.722 8.85867 18.7573 13.4937 8.97448 25.6954 24.5855 24.4482 24.9903 10.1887 25.4297 17.4915 23.4275 18.5149 13.8121 29.0427 6.3883 26.6081 23.3469 28.5817 9.2779 25.2573 11.1743 10.8643 7.08672 16.087 28.1145 19.0671 25.1898 18.0158 7.6361 19.4587 28.7569 7.78761 22.7311 10.1886 10.8675
3
26.9793 20.5867 7.82801 12.6954 8.69063 20.1318 16.8276 22.385 8.50509 12.5274 12.7632 9.24613 27.7182 25.1569 8.97067 12.0921 21.372 13.6133 22.8295 26.2976 8.0126 20.408 12.7492 29.357 14.5844 9.93252 21.4005 21.5551 18.1788 28.8936 29.9118 25.9699 28.3569 27.4378 17.7479 22.0254 27.765 26.1871 8.99094 8.81314 22.7605 24.4017 11.7422 16.402 29.7687 10.4911 27.3629 9.35439 21.0875 10.0901 24.2729 16.6677 27.8605 16.9203 17.027 12.3598 27.9353 17.6545 13.3863 12.9172 20.3277 16.0033 6.1036 23.8251 22.0089 15.243 24.143 25.3974 16.7358 20.4028 24.0502 26.126 11.6422 7.33039 8.19392 25.7674 27.3095 27.8551 18.597 24.3867 21.0377 26.2666 21.0748 27.5762 13.0317 28.3281 12.4011 28.0681 19.2257 26.0439 17.2196 21.9603 24.4616 15.3977 7.41909 27.7736 19.7414 26.2832 22.6928 10.559
4
10.7502 16.5546 27.8101 25.4282 16.2613 16.0373 33.163 16.7967 18.9558 19.5998 30.9025 16.0777 29.4285 16.5396 35.9973 22.4952 31.9334 26.9382 23.3922 20.8548 34.4515 9.69829 32.0853 29.8557 37.5585 38.4114 10.5658 33.7948 33.2148 26.1803 30.7392 10.7889 24.6059 16.5219 33.4628 22.6391 34.1551 17.4744 36.8179 19.4628 10.8363 28.0356 18.2436 12.2189 35.9101 18.0556 33.6568 26.2492 18.2085 14.7096 24.683 24.9642 30.0937 8.676 21.1243 32.7947 11.216 9.14448 13.788 22.5374 39.1948 8.77918 28.8021 36.2172 38.3491 11.7619 14.5413 24.5924 13.6017 30.0406 24.2906 18.4273 16.6819 24.9073 33.7691 36.6579 19.7522 35.0323 20.6403 8.57435 39.584 36.0772 13.1346 27.1467 31.4071 13.0135 14.9067 10.6177 39.5576 30.2718 9.25596 33.4889 12.0502 28.845 29.8314 36.0233 38.1992 15.4727 36.9496 29.3915
2
11.5626 9.68654 5.78615 16.0765 14.7473 13.4551 17.8936 16.2938 15.3021 5.1664 17.3622 13.7819 4.72828 15.7664 12.8346 7.96394 16.8419 19.8522 8.96371 9.99635 10.6978 4.29518 19.567 11.0982 13.5514 15.1039 14.4726 17.2754 4.16765 11.8381 10.3702 5.75333 12.7922 18.8878 7.98012 14.4297 6.09579 10.9281 9.85127 19.6607 9.40465 13.8646 5.10214 13.6919 10.5298 10.579 19.4165 9.04861 9.50734 12.7905 12.6063 5.1951 6.56234 8.34264 18.0548 4.77799 12.6089 9.23042 10.352 10.7647 10.5991 13.6785 15.4344 19.7898 8.03246 19.584 5.54306 15.0223 4.93964 6.63601 5.31084 13.8654 9.65206 16.424 7.29235 5.80227 14.6701 15.8489 19.2487 19.6994 8.94238 17.147 9.49947 19.8807 10.869 19.8424 16.655 6.28473 14.3404 15.937 6.04054 10.017 16.1253 15.6532 19.1256 15.6106 8.91963 7.04095 14.2707 5.30753
1
6.53897 2.65009 6.94259 8.44896 6.76115 5.07554 4.26267 2.53451 2.24855 4.98454 7.38786 5.65209 5.29464 3.5712 6.11002 5.88401 9.359 6.56937 7.10956 7.84978 2.96936 2.15978 7.2133 4.44158 3.34301 4.66667 8.63707 2.86491 2.75858 5.57529 2.24458 3.5157 2.70964 3.40138 6.85355 8.22504 8.87126 5.94399 6.62049 8.40287 5.91081 4.45288 6.53533 9.61186 5.17424 9.24165 4.05717 7.10267 4.27909 6.27796 4.9224 4.84194 3.64554 8.28207 5.15643 4.56413 2.99664 7.8649 7.32026 5.37866 6.85903 2.2369 5.0232 8.4633 6.09546 5.01894 7.73294 7.37544 8.50024 2.68661 3.9142 2.51208 9.48892 7.17889 2.52733 8.25019 3.91354 6.20281 6.9179 7.29833 6.0345 6.76503 9.12876 8.79105 6.6805 9.46176 6.66565 8.65718 6.62772 9.05826 5.74774 4.79331 3.22946 6.88911 9.07417 5.57366 9.32748 6.61053 4.13808 4.22766
3
20.5653 20.0449 21.7259 9.58908 21.6075 8.31144 23.1592 23.7901 15.7785 27.1113 8.71082 6.21652 21.1084 17.1559 9.03649 9.59257 18.268 23.3338 6.01245 22.8436 14.7806 28.6211 27.3905 14.0089 19.6744 15.4258 16.7531 21.1964 13.7951 11.0829 10.9876 15.2991 6.99623 24.2218 11.4982 8.19109 15.4274 24.721 21.3743 22.1229 14.1382 29.9727 6.73466 22.0334 22.216 6.17311 26.4648 14.4991 27.6788 19.3589 12.5679 19.037 17.3385 20.9078 9.34701 7.48274 22.8564 26.2224 29.6375 9.15991 28.2076 11.3158 12.3084 9.5614 21.7741 10.018 11.2519 20.2604 26.285 12.5209 8.07916 7.77016 17.8229 15.9827 18.7415 23.0713 11.1145 7.90806 18.2955 15.5254 18.3248 29.0244 6.03097 20.8932 26.5736 12.3721 11.1806 27.1772 25.3929 13.3288 13.4296 28.0061 25.3439 11.2839 22.4448 11.2808 15.0123 29.6855 14.6411 20.8003
3
16.642 9.68325 12.8693 19.7535 6.65855 17.1756 6.50448 15.7207 11.8397 25.3408 23.456 24.2217 14.6312 22.1649 20.856 25.5789 22.5127 17.1949 6.07394 13.2109 23.345 24.8995 24.9882 26.8052 12.0274 27.4896 11.2402 27.3711 17.3094 15.54 28.3137 27.5169 15.5991 18.7579 26.2842 8.29525 8.61321 21.2405 17.0805 23.9593 19.7127 21.5667 18.1045 13.9753 9.76626 24.0655 8.05042 23.6333 7.38724 17.6057 24.7693 28.6015 10.3862 28.2502 13.0213 28.7668 13.284 26.1191 19.9602 26.7058 17.7283 24.8045 22.1932 16.13 8.65818 21.6822 18.2604 15.6488 29.0593 9.46175 18.3777 21.1943 12.155 7.32142 25.2859 20.4509 19.8751 17.9696 10.0516 26.6349 6.44855 14.9775 12.6612 22.9664 7.96149 22.7262 23.2544 27.1776 8.72551 21.313 25.8383 11.4021 13.3 14.759 16.3286 18.7882 19.0116 6.86368 28.7592 8.17947
2
11.9211 8.42798 13.0797 6.91902 11.9374 17.1515 18.023 6.4209 17.3768 8.78139 6.98253 16.3057 4.40527 5.89355 16.9644 6.06093 9.60206 10.2196 15.9324 15.5363 4.7877 5.53717 8.90399 12.2031 15.2169 17.3775 15.5679 15.8883 14.448 15.8629 6.7339 15.2934 13.2017 11.9867 18.9282 4.61343 11.5214 13.6477 14.4471 8.56574 15.5482 7.7528 18.1812 16.1433 4.22215 10.6985 10.5223 19.4038 7.22313 9.54572 19.666 5.60739 11.4633 4.19865 12.6222 11.0155 9.44383 12.9018 4.24621 12.6636 10.7886 19.3662 7.60303 14.4196 18.2667 19.8387 12.9767 15.6413 5.61728 12.4254 10.838 18.745 18.4881 14.9832 14.0826 11.9972 11.8012 9.89047 6.85208 11.843 16.8577 6.01085 7.25076 13.0829 19.4944 12.1614 19.2701 19.2109 6.60442 8.39845 5.23388 9.22587 18.3351 5.43305 14.0766 5.22945 15.2747 14.4891 12.7668 9.12233
2
5.45296 7.66621 15.6939 7.95773 4.45115 15.031 16.4351 16.6581 4.67496 18.0055 4.78618 15.6163 16.4931 8.91141 4.18931 4.06299 12.5828 19.6065 10.2387 6.176 19.098 16.2601 17.8177 15.8951 5.04047 18.723 19.4711 7.86301 12.899 16.555 4.07544 4.55485 17.6164 9.77189 4.86947 17.6585 12.9489 10.3748 9.90744 5.76843 12.2796 4.72431 15.9979 10.4556 6.94756 8.82159 15.1905 12.7756 9.15774 16.5595 10.8723 16.2784 6.53083 13.0056 4.53857 18.5805 11.3582 4.78058 10.2969 17.564 7.62315 7.59276 14.1708 10.2641 18.8511 14.9935 7.26289 10.5066 11.8519 8.41417 17.8412 19.3602 11.4153 8.54792 7.41037 14.464 5.02438 12.1389 11.8316 12.2934 4.64658 14.2409 16.5519 5.4273 12.6675 16.0085 19.0069 12.879 11.0284 18.0829 15.2589 5.55226 16.6298 19.6347 19.9325 16.8867 10.0654 15.1267 8.51087 16.7537
5
37.3297 28.7685 18.1858 44.6218 16.9734 14.6904 39.7089 11.6167 10.4227 45.6546 12.3277 22.2543 14.9551 30.97 49.6571 44.7491 48.2574 24.1689 28.2644 12.9464 32.9435 39.0519 15.6794 20.0187 15.4397 11.5445 23.7875 35.2414 13.7688 14.3987 47.138 35.8777 38.7648 41.77 35.6981 16.205 43.249 10.7011 21.583 25.7141 43.698 36.5431 29.2957 38.511 28.937 49.347 49.0057 25.9544 40.3867 28.2547 42.3978 14.5589 18.3978 20.922 40.6247 41.196 19.2031 45.0052 43.8908 47.623 17.0175 18.7407 42.2024 46.3722 35.8194 37.6514 46.8123 20.0316 45.3431 44.4092 31.8927 25.9471 25.8132 28.8851 15.9649 28.3789 15.9541 25.4196 42.6203 30.1427 48.8041 24.3424 30.0606 45.7668 49.8653 44.7749 28.9912 28.1969 22.1225 25.7448 38.3972 31.0791 12.4599 42.6456 18.7342 18.653 44.0087 46.0712 32.0651 25.2861
2
18.8329 18.1101 6.71064 13.3843 9.21047 4.34237 13.8899 11.5267 14.4952 17.9625 4.2857 10.0729 13.6133 8.18592 6.09005 7.34765 11.5665 9.29887 18.5344 7.11041 9.45916 5.1153 11.936 6.41522 12.4557 18.3797 5.95703 17.1975 5.23112 19.679 13.6373 6.15118 4.47699 6.42524 10.7646 9.45844 14.0262 14.473 14.1438 10.9342 16.1579 4.93196 4.32837 8.14858 8.64576 4.73921 8.37612 7.08879 5.11172 19.5522 6.19188 9.92424 16.2483 9.52596 16.0195 16.4362 17.471 14.5361 14.646 15.6753 8.56471 7.41109 7.8797 12.4087 18.8846 17.7356 10.8659 8.92027 11.6764 16.7877 5.80126 10.7254 13.0764 18.172 12.6108 16.7637 11.3552 4.71225 12.1487 6.63124 7.96699 16.1646 9.48633 5.41614 13.9666 16.3152 16.8498 6.69825 13.358 10.0233 11.769 18.277 14.9349 4.77416 10.0016 19.1893 14.1782 7.30239 12.7936 4.57931
1
5.64263 5.44869 2.09674 4.08232 5.98583 4.11967 3.8663 2.64992 4.27952 3.71816 7.83622 6.68492 6.19325 5.48749 8.42005 9.1636 5.29121 3.6621 3.33041 5.87941 6.97056 9.02452 2.98331 3.82933 6.3709 6.78525 5.20181 6.50115 9.41111 8.44148 5.37523 4.71788 4.11002 7.27122 2.23019 3.69552 7.3469 9.11881 9.36973 6.97046 2.21818 8.12825 4.73669 7.85277 7.14667 3.08054 8.1577 9.06162 7.89936 7.99121 7.12402 5.19906 5.67027 4.62443 4.96536 8.71846 4.38441 2.57983 3.57307 2.04378 2.37925 6.60834 6.82893 4.49605 7.61979 4.81325 4.89565 4.68312 9.60369 5.39284 5.52556 7.00914 3.11248 7.58071 4.54352 2.95987 8.9653 2.44012 5.66047 7.8201 6.93127 5.16861 9.77371 9.4795 9.9568 2.56909 7.91036 5.98308 6.86417 5.34373 5.97001 6.48248 6.67745 4.86678 7.42307 8.24448 3.73217 4.09273 2.12079 4.37281
1
8.4792 7.64109 5.19783 2.90542 6.27603 7.87776 5.18603 7.37078 9.05108 2.34161 4.83524 7.02252 7.67289 8.65339 5.42026 2.9958 5.76881 8.19141 4.76866 5.16039 8.36759 6.61802 3.57927 6.92086 9.15187 3.33632 5.1164 5.96255 6.35167 8.40821 7.31057 2.47459 7.31038 7.46522 4.29742 4.38125 7.75428 9.14317 8.42572 7.11283 5.79693 7.57205 9.76596 5.44729 8.70969 6.45233 8.15062 8.95405 8.4896 5.24894 6.77742 2.57098 8.25588 2.03418 2.40693 3.84601 7.50627 5.51076 9.18546 2.37449 8.26452 2.74636 3.12489 8.96365 2.1502 7.15077 4.27036 4.05532 4.40215 9.22701 3.58727 8.93823 2.88681 6.62762 3.59869 9.2811 4.1226 4.04735 3.80462 6.51776 8.35176 3.48355 3.91413 2.61561 3.69068 7.39549 3.92179 5.75861 7.39023 3.29384 6.0596 2.47606 8.2371 4.29156 9.65562 3.74845 2.12752 6.14754 7.93063 2.62161
1
3.05142 7.63215 3.34926 6.83274 5.41703 5.82928 2.98152 8.11485 9.41756 2.16925 4.17759 3.12362 5.39313 3.64606 7.9908 5.03609 6.76787 2.24188 3.22313 6.49101 5.54101 2.45194 4.9781 9.32005 5.00299 2.94854 7.89176 7.12123 3.08304 8.29055 4.44829 9.58098 9.73425 4.58445 4.78622 7.45085 7.76251 3.00343 4.40161 3.08538 8.50561 9.07049 8.1546 9.44719 3.76863 9.6121 4.98521 2.4856 9.42189 7.28841 5.74508 5.79508 6.06787 6.60642 2.55103 8.45972 8.18311 9.32229 6.06692 2.98993 7.1415 7.13911 7.11994 8.25775 7.52521 9.60625 7.05767 8.33692 2.12939 3.12666 7.25207 4.15396 5.06699 2.97837 2.1567 8.85658 8.38002 2.25633 6.32343 3.80556 9.56324 7.64095 3.78487 2.09652 3.40685 9.89954 6.20877 8.51758 9.56418 3.02692 8.23061 2.84946 9.2508 7.93142 6.37071 3.414 2.48116 2.57256 9.94206 5.77751
1
3.60783 5.83191 9.15526 8.35394 5.02382 2.36767 4.76572 4.03035 2.81061 6.15394 7.9466 5.16124 2.98463 9.55189 7.87025 6.3958 6.57693 7.56728 7.43545 4.8783 6.1243 4.96462 6.36612 2.72386 5.44588 2.2999 9.98628 7.05333 7.98678 2.65292 9.95252 6.36845 9.0098 2.84059 5.22532 8.04863 4.91648 6.89252 5.56027 7.75058 2.97895 5.56998 9.80065 3.49197 8.76353 3.70959 9.25248 9.20046 2.52751 3.17298 4.42339 8.50929 5.8704 3.18368 9.40643 7.58073 5.92071 9.83236 4.19024 3.73858 2.33972 8.53195 5.17668 8.69104 4.42332 7.20357 2.18724 3.12511 7.58332 3.9747 8.2395 5.45384 4.48934 7.17087 6.37479 7.49775 8.1526 5.382 3.81846 3.8814 2.23292 3.38469 5.75386 7.92673 7.85005 9.70177 2.99134 4.8241 2.18062 7.58023 5.81356 2.86249 2.12211 7.16895 6.27827 9.5 4.30479 6.67729 9.25988 9.0559
3
21.7774 16.4817 27.6906 15.5904 15.2296 24.472 19.7922 17.5907 16.8825 16.1457 13.6515 14.4962 19.4196 9.82889 6.60648 20.5211 17.4857 21.5186 19.9244 23.6659 6.75961 22.2944 24.7062 14.4876 21.6824 6.31516 16.1812 28.9397 6.81004 7.86995 22.3598 10.7515 18.7597 7.95166 7.01505 24.8138 13.7175 12.8227 16.9596 15.041 17.4775 17.0411 17.5883 10.1786 16.98 25.4155 18.6546 7.02316 22.318 26.3583 18.2496 14.5256 10.181 7.10568 18.952 28.2451 17.7043 11.2727 16.1193 22.6228 13.6927 29.2131 8.28667 6.54415 20.1878 21.6511 13.6443 25.6588 27.3471 23.0564 10.5606 24.9263 18.6039 13.228 14.121 18.8564 21.0767 19.5585 26.6502 14.9136 6.19698 6.44545 14.1873 29.5537 23.5237 26.3201 18.8824 14.3607 20.714 8.76127 19.2832 19.755 8.61782 10.163 20.4802 17.7391 12.4665 24.4263 22.0804 11.1504
2
18.9509 11.1798 7.63516 16.3463 14.9938 16.1537 17.161 14.2863 14.9207 5.14026 18.4025 13.4601 13.3961 12.742 5.95797 18.3957 6.74774 14.673 13.7978 9.88812 10.1856 6.46807 15.3435 4.88889 11.5064 5.56857 6.06326 18.3029 18.3453 14.8461 11.6462 14.7549 8.03915 5.62761 8.81878 6.38883 9.16149 14.2835 5.86524 8.76072 19.7934 18.4424 5.91411 18.89 15.5921 14.8937 12.0544 7.52973 16.7199 5.2414 13.3433 17.7196 10.6963 15.3716 6.76755 17.6832 12.2346 6.79554 18.2219 8.13266 17.1276 5.93162 9.56664 8.04346 11.2424 13.3879 10.8263 10.9607 7.68894 11.3083 4.59301 7.90051 9.22349 6.84517 5.69597 16.909 4.9501 5.81928 15.2004 15.3402 18.3824 6.63206 11.7979 10.9169 19.9282 12.4904 19.6508 11.6356 16.8594 16.0079 7.75362 10.5796 13.8301 10.2443 19.8728 9.70052 5.00451 4.24604 10.129 14.6334
1
3.74954 6.86115 4.42854 5.39776 4.47011 9.56333 8.59067 3.46306 5.21656 2.51017 4.78046 6.05419 5.41176 7.58739 5.03984 2.50543 2.65548 5.74922 6.45233 3.25742 8.79712 8.00971 9.45329 5.54307 5.21012 3.17478 8.04502 9.76721 5.17424 8.72121 4.82283 5.98652 9.27204 5.22889 9.71844 3.89566 9.70575 8.77248 7.36693 5.72607 9.44076 9.67888 8.00337 7.46359 8.08214 4.05658 2.79565 3.7912 4.39017 2.50333 6.51944 6.16307 3.3414 6.39818 4.48177 5.41625 9.64127 8.18433 6.5994 4.32619 7.59478 2.04891 5.53817 7.51234 9.24113 9.40598 5.81967 2.10013 6.65894 5.589 4.80146 4.54554 2.34805 4.15907 8.43706 3.02847 5.59423 5.23509 6.72193 2.82131 4.72308 4.25214 3.73182 8.03872 7.1493 3.55438 7.15962 7.17516 9.12767 3.22864 4.25692 7.83612 7.1119 5.58499 9.08675 8.06958 4.62765 5.6905 3.99351 9.7037
5
34.2793 46.5541 36.5541 37.5708 30.241 32.2574 24.8732 32.3814 49.6527 39.1363 34.0833 21.3508 27.8554 43.0295 39.605 41.4275 45.1413 38.4625 37.9693 11.1204 48.404 40.6109 42.3068 25.3829 46.4431 19.7077 14.6949 27.3946 47.8307 39.2999 49.2692 13.6454 20.2438 39.7625 10.005 18.7299 40.1722 38.4746 37.0758 16.2571 11.9037 48.0642 25.6947 42.2822 24.6981 24.1283 31.3446 17.6661 27.0507 43.8344 45.3042 35.7706 26.9568 46.8096 34.3755 11.893 37.0794 39.723 28.7192 40.8483 33.7283 35.9694 11.7045 19.1048 48.5569 11.8579 15.6786 17.8787 41.8822 10.7143 37.5638 23.5947 16.5344 16.3015 38.1871 32.1185 41.1432 26.9657 19.2484 13.1678 21.7653 11.9132 21.8354 31.307 30.7618 41.0257 20.3886 19.9336 11.8292 49.6184 16.0256 34.6609 10.0921 29.5491 43.1288 22.5042 46.1629 48.0832 13.1037 33.2765
2
5.45873 9.82926 7.17748 16.0368 19.4033 5.03417 13.9966 19.8093 16.4211 6.36366 8.54246 17.363 9.55311 11.7228 17.223 9.30276 18.2501 17.7138 13.5664 16.5663 8.0297 19.3195 8.01328 18.2192 14.9807 13.6374 6.21261 7.45795 19.4298 16.9792 18.1359 9.13272 17.0806 12.646 16.321 18.104 19.9403 6.69375 17.5577 13.7441 11.3433 4.99963 18.3294 17.8974 11.3877 16.9432 14.321 7.61012 13.0939 19.014 18.3074 9.9439 17.6001 7.65871 10.734 6.18464 16.7066 18.6799 17.3023 12.7592 15.0808 10.499 15.8728 6.17295 12.4359 8.59582 18.9979 19.2797 13.996 16.4381 10.3967 4.19813 13.5594 18.212 9.68558 5.185 9.47349 18.6669 15.6753 4.78004 5.83312 5.38779 14.5483 10.533 19.2148 10.8059 19.2286 9.62686 19.26 7.26151 14.2564 14.7082 7.41938 12.4314 4.47973 12.2391 10.1703 18.4323 17.8766 12.6813
4
39.7203 32.6947 19.5061 15.299 22.5812 20.7158 26.3689 36.5143 25.0384 16.0645 24.3742 26.7575 27.3239 28.7661 32.8313 31.8469 32.5999 32.2164 33.4566 27.064 33.0222 20.797 17.4222 34.6439 15.8058 37.7726 37.4698 9.61212 37.4175 27.5979 9.21265 24.0914 18.0197 14.7563 37.7534 8.20478 36.2923 31.2582 37.7406 9.69908 24.7557 22.9209 14.9895 22.4142 13.7211 36.5587 17.7933 9.72307 31.9927 38.2039 22.0474 21.0674 28.4465 32.4884 22.3146 19.7138 26.6119 9.3062 32.9535 39.8564 28.3797 19.886 31.4371 19.189 22.9614 20.396 11.9857 37.074 17.2272 25.2067 37.6391 32.4313 11.5438 31.9381 26.8935 35.4735 13.2411 20.4135 11.0275 35.4111 27.8298 15.6479 38.2427 22.2544 8.09578 20.9939 28.7441 12.8349 37.1972 19.5706 20.8847 39.1731 37.8881 26.1016 8.49885 21.3173 35.9938 19.2851 17.5516 30.7774
1
7.83703 9.69895 6.40247 2.2232 2.96115 6.91482 3.61874 3.00253 2.10197 2.18444 2.1208 4.64269 9.9973 2.30006 6.06831 5.09508 8.72055 6.02886 9.5183 7.96335 5.73555 5.62735 3.7058 6.01312 8.75455 3.32302 7.08079 4.85216 5.80568 3.66958 9.50778 4.68718 6.9162 8.6819 4.03421 4.06357 5.81765 4.65706 9.63396 3.49426 2.07923 3.58765 6.3322 4.88406 2.07572 4.07362 2.11784 4.65555 7.19603 2.63888 5.04986 4.48298 7.69881 4.35901 3.96366 9.54033 2.6212 7.70617 7.18385 2.16964 4.14712 4.51757 6.64956 8.87624 2.84125 5.99381 8.85865 4.55662 8.15497 3.63309 4.03699 7.8657 8.6106 8.00787 2.93912 3.62934 2.06995 6.28996 8.68644 2.20862 8.49381 9.43043 9.04931 3.72193 3.59823 9.90057 4.57927 5.03135 9.8141 8.90011 9.9975 5.39929 6.95621 9.93896 8.24598 8.72192 7.00801 5.69882 6.60747 6.24541
4
12.7109 26.8769 27.3896 37.0632 28.7883 12.9097 21.647 9.78667 24.1352 35.9552 34.5948 25.036 15.9238 31.0643 26.1877 32.2344 13.3273 31.217 30.1116 18.7147 8.76643 14.7021 34.992 34.577 14.3606 13.2333 18.3703 10.8441 24.7098 11.9266 18.5715 26.042 19.1309 12.2635 9.59101 20.3279 28.4744 29.1665 24.1225 12.2935 11.6466 25.3102 17.8547 25.5656 30.9605 17.7938 32.1597 28.3318 39.4438 24.3004 36.2995 36.9144 9.2251 35.867 22.275 30.5179 18.1264 19.3912 37.4421 36.2761 15.585 24.9992 8.02126 15.7225 21.0309 33.4001 14.6238 23.8093 11.844 18.3513 24.9213 31.6008 14.0166 35.3609 16.5822 27.7656 20.6456 27.7502 23.6014 29.9918 11.3806 9.2042 31.1471 29.4523 33.9507 9.93181 36.0502 27.4426 28.898 13.5634 22.0619 11.3188 14.6397 23.9095 23.0026 12.8581 9.98651 24.7051 38.93 16.1689
5
21.2105 27.0994 34.7349 19.5494 34.5318 40.185 10.4453 15.2483 10.842 12.2524 16.1838 32.9167 16.3901 24.6917 48.8277 14.2213 43.344 13.7811 16.5736 45.682 19.823 29.8191 33.1558 25.994 32.8723 15.3322 20.3972 44.0649 47.6604 18.1368 47.3738 48.5489 16.1812 45.0404 44.4744 39.6582 38.7419 11.9593 20.6365 24.034 11.5168 16.2376 42.0398 23.4576 43.4509 46.9459 40.5384 38.183 15.7909 18.9434 10.1127 35.6724 27.5287 26.482 39.6235 45.5162 40.0359 42.1367 40.1472 11.3176 44.1711 16.8408 35.1765 20.324 43.1423 26.8089 11.9644 21.5869 34.4048 43.1278 22.2956 33.4299 23.8757 29.798 30.9652 11.0077 35.7466 46.0049 20.2459 34.7365 11.176 38.4039 28.6252 10.3768 19.1424 19.1969 12.0946 41.5512 12.7383 15.7855 26.27 45.4769 14.1889 27.7787 37.6273 32.6946 21.8737 37.1384 42.1321 41.5758
3
23.5091 20.742 15.5547 27.0847 11.4445 9.1804 6.07855 28.9133 26.7898 9.60504 13.1198 19.8356 12.3427 12.4322 15.8322 23.0757 23.2637 8.24736 24.2935 26.2637 10.7552 25.9192 28.5601 8.78033 7.39023 13.449 11.9178 9.13454 16.6848 29.6499 29.9246 7.46795 19.5076 20.7498 26.8362 28.2791 11.9212 22.0103 27.0105 10.4617 19.048 22.458 24.8833 29.751 11.5542 8.81903 7.11023 24.671 17.3473 14.7526 18.4672 7.0774 7.07897 7.47679 21.1042 16.3892 26.048 25.8793 22.7462 18.6033 19.0969 6.20917 19.4338 29.185 25.096 9.44028 24.399 24.9297 7.60861 10.4033 28.6685 7.88743 10.3312 22.7777 8.98889 14.4459 11.9019 20.0383 8.6672 12.6647 12.6719 6.45109 10.9212 20.9548 28.0325 22.2096 26.3322 19.1969 28.8927 16.8085 29.995 21.3927 19.8995 10.7463 13.9581 12.9423 19.9966 11.6511 18.5483 13.6424
2
15.3399 4.46141 17.2957 18.2691 13.5642 6.29913 7.03743 12.4714 18.9697 17.1264 5.6944 4.79249 4.73281 9.18897 7.91105 14.2469 13.0533 9.12887 18.2736 16.9354 17.8416 12.9852 8.05008 15.2635 15.4655 18.8325 10.3966 17.7031 17.3682 15.8693 5.84127 17.9106 6.37222 12.7693 5.85988 18.0147 18.479 16.1081 10.3539 16.885 19.979 17.677 14.845 16.1944 5.68373 5.49788 7.1976 5.08861 12.0919 17.3496 9.68235 16.274 15.3031 19.6207 18.1928 14.3374 7.49098 6.29921 14.4281 5.10912 5.74827 12.9129 6.85375 6.88347 7.1166 16.232 12.2533 8.30717 19.6133 14.547 5.68366 9.74983 15.0677 11.3351 14.6455 8.96822 5.57982 13.1252 9.28288 19.877 17.413 12.3772 12.4229 9.23817 12.1345 10.1855 9.26918 8.08255 16.8145 9.62076 8.56101 18.6744 9.0985 10.5212 19.0107 13.8333 18.9633 8.54745 12.8319 9.42425
2
5.49038 11.2434 7.56888 15.1698 11.2503 12.4867 9.55098 13.6752 8.34019 5.51509 15.1118 17.8341 15.0442 12.5234 4.21111 7.56227 10.6979 5.94237 11.7692 5.01673 5.12201 7.94376 14.6522 17.5345 10.0499 15.9533 18.9321 17.3612 6.11037 8.73528 10.9827 6.73216 18.9283 19.6113 15.9761 12.8686 5.90665 11.3746 15.3402 5.45166 11.251 11.4638 6.74164 5.13593 10.8002 9.95727 14.1542 15.666 8.22489 6.95222 19.5781 8.15762 4.15666 7.88915 15.9703 14.107 7.8108 9.38565 16.9493 19.6893 8.66418 6.14125 6.8376 13.9105 5.75162 5.47621 10.6022 19.1739 4.14284 8.06642 19.2585 16.8239 4.16252 13.4373 6.29765 4.23064 12.9161 16.7788 18.7009 7.97608 15.6838 15.6442 10.104 9.70615 8.74492 17.0955 15.6727 17.2098 7.19609 7.85726 8.25317 5.28829 9.32426 14.0416 11.3592 14.977 15.0985 13.0075 8.55875 15.6824
4
11.0028 35.8791 28.4184 33.3384 29.5827 10.8228 8.77378 9.0329 36.1864 20.669 20.9797 16.4918 21.9211 20.6706 37.4256 19.6759 24.9507 17.6267 18.8596 28.6593 28.0242 15.5426 27.5939 39.4188 21.5138 26.2055 27.5318 36.8527 20.5884 23.3015 11.6434 23.6519 25.1458 14.6981 17.5117 13.6507 15.1307 31.5186 15.5774 32.2803 17.8616 32.6315 14.7052 14.7508 35.9931 19.1818 33.6979 12.5877 16.7379 21.7878 11.3822 39.1455 18.9729 15.0289 23.8922 12.7261 38.8561 13.8498 33.7752 39.9246 18.5773 38.5052 35.5442 9.82969 26.8694 26.671 30.3032 37.7016 31.9035 35.3465 38.07 8.75435 39.195 27.172 12.4201 32.6658 31.1433 15.7878 10.0795 11.4417 16.8319 8.85988 16.0883 19.2585 28.7132 27.3953 17.1624 32.9087 38.8029 39.9748 27.8774 23.4755 31.0093 10.5253 38.2993 19.8613 26.2223 10.2596 19.688 18.7933
2
11.5414 8.12425 10.4873 16.1485 12.9688 15.5978 5.28465 17.4283 6.43924 9.04808 12.8681 14.8313 16.3258 10.9844 9.88354 16.4068 18.4965 12.9517 16.6188 8.76055 5.85838 19.1078 16.6805 16.4608 17.6832 19.2235 7.98489 14.8984 4.77871 12.1686 11.1248 11.6639 14.5667 12.9452 9.17448 7.50267 16.131 12.3314 4.9961 15.913 17.2971 6.19793 18.1092 4.44724 9.80759 7.56049 7.18617 8.78008 18.6539 6.42926 12.2368 18.6057 7.62795 6.5193 14.543 6.42677 5.15645 15.8836 8.4073 10.2971 18.4794 16.5315 14.7776 9.58138 12.2361 6.09486 10.8102 8.79389 7.52086 16.605 9.43345 12.5785 9.47093 19.4416 14.9755 10.8933 19.449 13.5184 16.9178 17.4611 7.88335 5.76484 11.8366 16.5501 15.827 12.97 15.5962 13.145 13.2998 10.0479 15.8554 17.5729 10.4751 9.78912 10.9494 7.6458 9.77312 15.1595 13.211 11.3819
2
7.22383 8.75776 8.54125 7.37447 8.30486 13.4879 11.4987 8.56207 7.12417 11.0685 5.13928 16.4803 15.5749 14.4942 19.6694 11.1129 4.06766 17.671 4.83245 9.8435 14.2207 19.1265 19.8783 13.2348 13.3125 18.3121 10.2023 10.8058 9.31049 12.3076 19.466 4.61791 5.28582 8.74239 10.0106 12.4838 16.03 10.7446 4.37847 16.6098 5.68333 13.7308 16.7523 19.4867 9.1885 9.8498 15.1263 4.83873 16.3824 15.8912 15.0214 5.44585 17.5375 16.4733 9.55657 19.6497 5.16677 6.32113 4.68931 18.3571 18.9026 15.4483 16.4375 16.3531 4.26451 5.05408 18.8953 9.73565 12.1267 5.94939 11.8553 17.2856 5.6978 11.3232 12.8499 19.5831 17.8268 19.6626 6.42384 9.68385 13.4457 19.6383 15.4507 5.16748 15.9629 16.7686 15.3062 19.3703 4.41918 13.6746 7.7102 9.61548 4.21891 19.7378 15.0498 16.2521 14.2488 9.97472 15.997 6.31716
4
21.3406 26.518 29.048 21.7868 33.0017 8.27612 18.9519 10.3425 38.3414 25.4749 31.689 8.49363 11.3013 36.165 32.433 23.3658 20.2939 32.7123 23.5832 27.35 9.51333 21.3824 20.5673 16.1957 11.5119 17.7228 24.4749 33.4639 36.1708 8.86962 8.64533 20.468 9.18696 33.9025 8.33599 30.825 13.2039 29.3739 26.5957 12.7435 36.7092 23.137 21.4681 34.1729 11.8245 19.5976 23.65 9.93885 34.114 15.5141 25.7303 13.9903 25.5343 17.4728 28.133 27.8824 29.653 36.1602 26.8916 32.6212 32.2589 8.56068 24.3775 14.9946 32.4906 23.2022 24.1088 11.5142 9.60679 15.576 10.7644 33.094 14.5251 28.855 20.5283 9.59027 15.2528 31.0364 30.8881 29.3275 29.3351 15.6327 15.0146 36.7362 28.4469 33.0369 33.8459 15.2264 36.2507 31.6859 23.0019 26.4228 16.6484 36.1491 27.6536 28.8866 21.5498 13.2636 14.4724 15.4479
2
14.8937 8.09182 7.82042 5.04758 10.6044 8.33858 6.43109 16.1699 10.6664 14.0046 9.699 16.9487 8.06895 6.00769 5.57403 15.7572 8.37038 16.5465 14.9145 6.43355 12.921 6.62663 9.33728 15.2868 7.66823 10.1237 13.8066 8.29436 16.858 8.69404 15.2752 12.8049 12.9435 13.8474 6.68985 12.0582 6.01459 4.49289 19.6727 6.83566 16.0607 12.2708 19.1929 18.552 19.3784 10.9836 17.5395 4.10307 12.4381 6.43774 16.9087 8.78 4.51976 7.00932 17.9177 7.56408 10.4331 7.24541 15.3582 9.11349 6.63252 8.81454 18.5012 8.75508 10.0399 11.118 9.26633 4.79355 10.8886 19.8751 11.5678 8.45049 6.89971 13.994 17.1499 13.7458 6.10428 7.04164 13.2239 9.63399 13.6235 7.62491 9.21912 8.7079 5.71913 6.99489 11.9615 6.78221 10.4273 14.1877 14.5904 15.6695 18.0877 19.0139 4.528 11.4609 9.08018 7.20886 15.8125 12.6246
2
18.9412 5.71972 9.52658 8.57315 17.0098 18.8233 10.6191 18.1518 8.93853 6.50393 12.7817 14.1924 8.45857 6.05865 13.3905 17.4629 5.7913 9.89499 10.4002 10.5093 19.0168 8.9056 15.8537 17.9919 9.49001 15.7813 5.47075 19.4907 14.3676 14.3249 15.378 10.8437 5.30729 8.82898 9.04378 6.0791 10.4026 15.5789 5.4785 16.0052 16.4156 18.5451 19.7651 11.5205 4.37015 11.3258 10.9806 11.7046 11.5674 11.4031 4.57163 8.7559 5.08746 16.776 16.2471 5.83422 11.838 7.03053 16.4496 15.8751 10.2141 14.9119 18.4681 17.435 4.43032 10.4598 9.25543 11.6323 18.5885 15.7694 6.01216 8.24424 7.54302 8.4412 13.5991 13.0251 5.62694 7.78185 13.8419 12.3052 6.30044 5.81815 9.78975 18.9355 13.785 17.1873 7.99033 7.63946 7.7453 13.9654 17.8442 19.8337 14.0814 11.4973 7.10069 17.982 14.8939 15.2894 12.5577 17.5436
5
45.7914 33.0042 47.947 25.6529 10.9581 13.0935 11.5112 41.7433 31.3808 36.3023 10.3486 25.1099 40.8703 48.6768 33.7256 21.6652 35.0176 32.8418 42.2728 18.041 11.0238 27.9307 43.1422 35.3817 24.3182 26.4999 30.47 34.8878 11.4974 10.4594 25.675 42.1415 39.1172 38.0509 22.1258 27.2453 47.8671 23.9044 48.7061 47.8041 11.6594 24.2049 16.8105 11.7842 41.1644 48.9997 25.3015 27.2775 11.3224 33.6788 47.9596 36.2048 22.364 11.6581 17.9568 38.9875 13.8705 20.2981 13.8859 27.2207 21.404 42.0883 21.8754 31.3774 15.2408 13.1295 38.3228 20.5756 30.7369 20.9439 47.7767 41.4401 29.8591 23.6458 20.4986 33.0897 23.4115 32.5031 44.2367 45.2805 33.4885 29.9211 34.7422 36.7384 45.687 24.8801 39.5593 40.7095 30.6078 17.8577 39.6204 14.762 44.1774 17.2672 43.1784 21.8693 26.3226 19.4439 36.6056 39.8063
3
29.6868 27.9898 27.5944 28.0709 7.70757 21.9148 20.0425 22.2506 17.3557 28.161 9.11432 9.07856 22.7395 23.3115 28.6889 29.3676 6.03699 12.8067 16.0404 22.5595 16.7686 20.6162 8.2106 17.6958 16.3567 18.9696 6.59102 6.12159 21.3148 14.9929 16.0565 27.7636 22.4124 13.0908 26.9953 24.8288 27.1561 9.92161 26.5784 6.76585 26.933 16.8061 11.613 20.333 8.15979 14.4162 29.3224 24.6174 12.7805 14.5852 14.3979 16.8486 19.4572 26.0853 12.6644 16.8501 22.7973 15.2145 19.7055 27.9728 21.9615 6.03763 12.7898 26.3541 19.9956 15.1247 16.4441 12.3472 21.2303 25.6307 24.0158 19.9622 20.0922 19.5607 11.5692 10.1653 28.671 21.0633 22.4587 11.8783 28.3852 13.5967 18.923 16.5224 25.0908 7.8117 19.0442 25.9501 8.97641 14.9938 11.4157 11.6098 10.5895 22.9099 9.86159 28.7847 18.3357 28.9022 16.5526 15.7526
4
15.4532 10.6156 33.1265 25.5699 35.2405 10.3387 15.8293 33.044 12.0087 31.3916 13.5752 29.7913 31.1959 25.3414 11.3994 13.8379 13.7306 16.627 21.5894 35.7724 39.4325 32.6697 31.1683 37.8922 33.7358 37.7115 12.0134 9.39089 34.3583 25.0071 14.2344 24.211 22.5446 13.9946 19.4358 24.1886 39.5053 27.0694 38.49 18.1131 36.679 32.587 18.4443 31.3289 36.4413 8.71868 27.1881 12.5023 35.8863 34.7869 8.50524 8.17991 22.3054 36.7026 8.13504 27.763 28.9879 37.1325 19.4692 21.5226 39.9696 9.01879 13.5077 18.2809 8.35283 39.0783 21.7002 29.3836 36.8246 11.9042 20.2961 37.5882 8.99627 17.297 12.8309 13.4933 16.1911 35.449 11.3706 38.1343 20.3035 22.6063 9.14249 10.3691 17.3559 23.8361 13.1744 25.6813 22.3781 11.5205 21.5695 25.0229 36.2332 20.2055 30.0408 8.32436 35.0162 36.4274 32.3298 35.2946
4
23.783 27.8872 23.4459 39.3702 34.2538 25.8723 27.1203 21.5821 23.4437 36.725 26.3893 11.7897 20.6774 9.65672 31.0522 17.6921 17.6338 28.401 23.3891 28.7678 10.9897 26.9392 9.35187 8.43905 22.1905 22.635 15.9453 13.7071 34.4722 24.9018 10.9223 20.3833 19.2616 33.5286 16.9191 32.0408 8.07698 36.7888 28.1538 34.8117 14.0567 23.4572 17.8158 8.15544 31.2398 30.8605 12.2683 17.7226 27.7227 35.086 24.1916 8.43915 16.8189 9.47289 28.7895 11.9368 10.3448 37.5124 15.1861 18.4541 18.1583 22.2811 25.137 19.3326 10.0731 14.5319 35.1793 30.2346 20.2765 13.5689 26.3468 9.20593 38.3728 23.03 17.5739 39.7098 11.1797 31.7028 38.9151 36.7561 31.4006 13.4988 28.7025 34.2516 29.3002 16.7109 30.769 39.6959 19.5057 36.6787 19.86 18.3477 11.0605 13.9873 35.3604 32.9871 8.85541 20.3246 31.4605 29.3989
2
13.7474 5.46505 16.4487 17.2256 4.39109 6.48785 9.40199 13.8554 14.3469 16.0052 4.21206 5.73803 12.9603 17.2055 15.3295 14.522 16.4478 6.92588 10.3422 5.10379 11.1203 19.2484 11.8072 11.8709 15.5261 13.3431 11.9076 13.5983 10.3252 15.3708 14.7471 4.8106 12.7074 12.2582 13.0949 11.4229 16.1668 11.1569 14.3933 10.472 16.4455 10.4003 10.8402 5.75094 12.4586 15.7695 16.3598 19.1599 19.0129 15.8812 9.27309 17.5848 4.13287 10.5109 7.48095 7.1171 19.8042 13.6624 10.9729 18.4268 14.9504 5.19692 14.4734 15.1013 7.45166 16.835 9.03768 16.7623 16.0219 14.3423 7.41156 12.7741 4.75337 9.71227 19.9652 14.3546 17.1432 9.1595 8.0153 4.90255 8.41423 14.7339 5.34721 16.3531 8.94161 13.37 10.7498 19.3736 7.59898 19.1836 10.3755 7.21373 19.8357 14.8274 12.7382 17.0205 9.29799 9.71902 15.161 12.432
4
25.0635 37.7122 10.6163 14.5998 38.2149 22.561 37.2342 37.277 21.6467 13.9608 33.8977 18.904 35.5805 33.5508 19.5594 28.2632 9.4726 30.7233 20.8256 10.7004 11.1691 20.6931 17.1356 26.7335 39.3902 11.4281 32.833 8.08562 28.6701 26.5661 13.2547 14.2671 27.8765 27.4425 25.9631 28.8311 9.43589 25.3552 24.2449 38.4277 22.3884 11.1901 18.0035 25.7828 34.3976 9.53319 33.1679 27.7247 31.841 28.3942 16.7449 33.3854 27.1048 35.6662 12.639 17.7004 14.2096 37.4463 13.3645 29.332 17.8904 21.344 20.7747 36.1421 37.2574 15.8988 24.9352 39.3382 13.1611 13.2361 34.263 15.4187 20.3882 22.0833 10.0594 21.0417 29.812 14.2722 14.5601 35.9428 33.6236 15.8538 25.6276 23.0267 22.767 25.9479 31.2116 20.7575 17.7058 30.4551 32.702 26.9732 9.64354 33.755 10.2988 17.2485 29.3251 39.5154 39.5257 32.9317
3
23.3345 26.1707 9.91997 8.19958 22.0805 8.53819 23.6508 14.7496 22.5186 21.0383 21.0771 24.5529 11.8821 7.64343 29.2304 20.4404 28.6137 10.2388 18.9998 8.03939 17.6302 6.21501 9.51801 24.6383 14.0721 25.7233 21.2652 29.7005 15.5047 24.064 20.8604 7.49379 12.5413 22.6755 6.509 18.3063 29.8566 6.19306 29.0735 12.7158 11.5585 29.0467 21.7387 21.3826 14.888 7.06565 13.2386 18.8336 6.21489 19.5596 9.61386 13.7071 23.2996 9.34415 11.4686 11.9268 9.78776 6.18045 15.6963 9.27362 25.9083 13.0966 24.6414 7.82434 9.34221 21.0604 19.6683 8.72563 18.2323 23.4722 6.10307 11.7723 22.301 27.9455 26.5201 10.2584 18.0463 20.8457 21.3394 23.5702 25.9836 14.0548 21.7058 23.9896 13.9037 21.4304 13.6165 28.1765 12.1133 10.4287 18.268 29.7993 20.6294 24.3598 27.5895 7.78221 10.294 28.7442 15.9317 10.6379
3
17.7547 13.0445 18.4784 11.264 15.528 18.0643 22.307 8.35478 20.328 10.7032 21.3195 14.6332 18.0396 11.5712 19.3125 17.0645 8.2028 6.66599 26.3912 11.4043 16.7126 9.03079 21.4669 18.2602 20.5122 26.9925 20.2948 14.0296 28.8744 29.0726 16.6461 13.8077 19.863 25.6656 26.2087 21.359 12.5705 9.57798 12.8092 23.2475 9.72313 7.52197 10.55 18.2178 7.24916 20.6575 17.4568 6.921 9.40295 22.2762 10.2284 17.0804 18.0391 18.7216 27.6827 29.1893 18.6301 17.6385 12.495 9.83565 15.6216 17.6458 18.8186 25.7468 7.71838 19.5267 7.38473 9.64779 15.6959 17.0291 15.6736 27.0282 17.3299 27.3715 8.75146 26.9098 10.0387 11.5462 18.3666 9.70929 19.8316 20.5156 7.89829 15.291 25.1571 21.3935 10.753 12.3011 10.2449 15.7066 15.8007 15.8789 8.53541 11.829 15.4453 22.8385 26.7898 19.6839 13.9236 7.41376
3
19.8669 6.29445 23.5682 6.30796 11.2803 18.2899 18.0035 25.9061 24.5797 17.0971 6.85212 17.7714 25.6396 14.1349 15.9324 15.5605 12.1479 18.2069 18.4637 23.6504 23.1744 10.596 11.6995 27.2936 14.2984 23.5836 7.72842 26.5568 27.0125 14.6134 22.1607 17.2639 7.12217 26.3179 6.42061 16.1609 24.8598 24.6263 11.3616 17.5212 23.4315 13.1726 11.9248 14.4118 28.7165 20.2233 28.5584 7.83631 6.83594 16.3421 11.1166 28.9766 26.3125 19.0115 12.9583 13.7496 19.5368 22.4302 12.962 22.8986 28.2616 20.7036 21.1782 10.8386 23.8409 14.6478 29.8355 8.47344 6.93401 18.4248 25.4218 7.20383 17.3924 16.2281 19.5569 13.3452 27.0482 17.2376 14.3765 28.1738 6.12395 27.0616 16.1469 26.8202 27.981 23.8861 24.8276 15.2284 18.9264 9.54887 29.3017 10.4 13.7967 19.758 19.9927 11.1415 8.03709 7.67296 12.5859 8.53357
1
3.57475 7.45407 4.89091 3.85015 9.93747 3.09591 8.18755 9.16522 9.7127 5.56213 2.25477 6.09115 2.73889 6.87715 6.92504 5.02416 3.84114 4.37209 2.8356 2.13091 4.53303 5.74226 8.67161 7.13858 3.74636 5.6402 9.57769 5.0513 4.36983 7.08569 2.51923 6.07399 2.37822 2.97383 2.37459 4.02509 5.33301 2.96263 6.53955 9.51917 7.03593 9.02112 5.82523 6.20096 7.11652 4.91943 3.43063 8.31176 6.33509 2.94196 5.77126 7.86975 6.38219 9.10506 6.94487 9.74519 4.95599 2.16017 6.61566 2.912 2.89866 7.66403 7.09827 6.15678 2.17314 6.39693 9.42259 8.52665 7.4615 2.41041 6.16093 2.79712 6.16607 9.98554 2.79849 8.24113 7.5947 8.78316 5.42872 4.98075 8.11136 6.46727 2.55444 8.20255 7.03328 6.08273 2.77632 8.51801 8.05595 5.46867 8.14976 2.75024 6.9872 5.98882 4.99142 5.42816 8.57164 9.85992 7.91686 5.2695
2
12.576 7.89425 14.4503 13.1267 11.1087 18.3747 17.9363 6.35439 17.7545 6.91898 12.3973 13.5037 11.4112 11.3675 6.68405 19.1672 7.8895 18.7236 10.2096 7.67166 4.87723 4.01149 8.65839 4.40682 12.4713 9.40512 19.9191 6.58193 19.5895 14.9399 10.5534 12.7211 6.57419 12.1199 17.1133 12.2105 6.30181 7.73327 4.61987 8.20988 12.1088 9.18779 6.51537 7.24053 14.848 14.6798 6.40171 8.76311 7.38723 19.5085 17.8774 16.0566 6.86281 5.84804 6.78567 13.712 5.00039 15.2906 8.18615 5.05219 16.8158 7.47209 10.3629 14.792 18.008 12.0933 14.1809 14.2491 13.3573 13.6494 8.10345 18.4194 18.4409 4.17994 19.1839 16.2296 12.9776 19.3512 4.34287 7.27871 8.11611 9.18502 6.24404 6.38117 5.97735 6.74487 10.0817 9.22448 17.7643 6.09286 13.5916 12.4535 6.75206 4.82953 10.5973 9.49408 10.4697 14.5293 8.40675 15.4282
5
18.4094 16.2138 42.6123 49.2905 20.2467 42.6858 32.2293 28.9717 19.3281 30.5697 32.3443 39.8737 30.0675 33.2843 14.3217 26.4618 17.7096 10.0157 47.1999 38.0166 15.4934 16.1279 42.1409 11.819 37.6767 26.0372 36.5693 43.8777 38.5795 21.2061 33.1583 24.8534 17.8009 25.9127 18.8176 48.838 21.7674 23.4526 38.8405 12.6433 41.7673 15.4292 11.365 33.2565 18.6287 16.7885 17.3071 41.1186 14.1964 29.2548 10.9214 36.8814 19.7649 45.8235 26.1443 29.3001 41.6222 28.9674 43.8789 41.9175 33.863 15.2124 15.3745 26.1954 18.6254 28.7393 26.8598 48.7506 23.9079 16.6677 40.5833 10.3507 39.1244 28.6782 17.4207 44.327 38.5508 33.6292 36.2012 32.0593 12.8218 15.8247 34.9133 43.1906 38.6334 43.5893 48.9428 38.2261 26.8066 12.806 31.5014 21.1747 38.8696 18.0747 31.4015 39.8878 32.3139 34.1453 33.3334 41.7517
5
22.4178 44.4165 28.9237 48.0602 32.6072 35.9902 49.5595 19.8374 36.9316 11.1883 41.0158 10.4038 24.882 47.5058 33.0661 43.3509 16.3127 37.9427 21.1359 47.6165 26.9673 23.9657 47.9186 14.7582 46.6941 30.7274 14.9468 22.0021 17.3792 44.0759 36.1468 25.5956 47.6316 18.8844 35.4103 18.9968 31.2486 18.2335 20.2127 40.4322 46.4951 32.9762 33.3107 44.3525 43.2271 41.2181 34.5494 21.3195 14.8902 37.2428 14.8102 40.8529 22.4253 49.4148 14.132 21.7719 47.112 16.5904 46.0347 44.5588 19.3815 42.5683 20.0789 30.2788 20.6295 38.1111 44.6911 20.5863 25.0618 10.0685 22.2856 23.3479 38.6015 27.1342 18.7165 38.4155 21.8919 21.767 19.0882 48.0791 34.4237 37.808 11.9579 46.7307 46.8198 23.3248 33.9596 34.2712 38.3073 38.2137 16.883 27.7913 46.4096 36.0918 49.2359 36.0577 45.8882 30.0099 34.3234 31.335
5
14.3782 40.9097 26.7374 49.5831 19.6582 28.087 28.8747 31.1598 29.7741 11.112 38.9618 12.8825 32.1391 23.9938 49.7701 29.6482 22.3632 34.1892 38.7985 32.3764 43.9795 27.397 46.1932 37.2685 39.9103 47.2579 46.3622 13.1742 22.0806 18.8646 44.689 20.9721 35.5846 34.9897 40.7536 48.8712 43.8118 33.9371 29.4655 37.5389 30.9389 47.9231 21.5156 38.9616 28.1935 10.8931 34.5536 22.9447 20.2961 44.6816 16.4961 15.1581 18.4864 32.4197 32.3728 20.6332 36.541 18.098 16.1164 36.6179 36.1868 21.1903 38.7027 28.6955 38.3191 25.2447 14.0466 34.0745 46.4281 29.3482 14.0616 45.9548 38.6413 21.3708 14.2869 22.8764 14.7886 21.8962 21.4909 16.9583 14.8946 37.7446 24.6549 24.9314 35.506 13.9934 20.7453 15.8746 20.2597 43.4036 16.6794 39.5574 31.0974 22.1567 38.8905 49.2979 36.5342 30.8092 31.9008 43.2399
5
22.2545 42.6661 23.6238 38.7133 18.8248 21.8122 15.2588 30.9108 24.789 25.2489 38.7664 24.5556 16.9697 49.8183 38.1975 48.2421 18.5763 42.4648 28.2128 26.788 27.6441 42.1287 42.6063 36.5922 38.963 40.0133 49.2086 48.5051 37.7753 29.0039 14.4507 13.9914 13.5257 43.0206 30.8695 40.3692 11.9431 37.0874 30.8369 10.9038 13.7368 28.8971 19.7929 15.5387 38.187 12.6539 12.2641 48.0463 39.9124 45.9762 23.9503 35.3767 17.0945 40.6385 43.1575 34.9886 39.441 37.9351 34.8619 45.942 34.1699 39.4477 40.6835 49.534 18.2934 33.9955 48.0518 25.2603 35.4858 31.5518 31.8452 17.8816 25.814 44.9066 21.7842 21.3778 26.6141 49.8574 18.8601 15.5705 32.7933 44.7089 34.0816 21.1951 14.8398 19.8628 12.8181 49.2041 42.8217 18.2796 18.0239 30.0824 34.6551 37.593 15.6215 18.9563 16.9246 14.6587 15.3284 22.2769
4
27.5624 21.6257 37.4536 19.3378 12.447 38.4561 24.1975 37.1808 12.2103 31.3361 23.0103 10.1436 27.7728 28.8123 8.88533 33.0566 27.4417 36.6841 30.2005 20.4249 34.0714 20.2078 30.7239 38.1179 27.4449 31.3025 18.902 9.12322 24.0009 28.8833 22.557 9.49037 32.0317 36.4464 11.1164 10.5882 36.4764 9.03086 39.5012 11.8023 15.4353 37.6824 11.7978 11.797 30.5297 23.5445 38.8371 10.4662 25.2328 9.70116 35.8076 17.6994 29.2954 30.8965 30.0262 21.0863 35.3935 13.2566 32.9928 32.6871 38.1205 8.13819 34.8523 22.9908 29.4513 28.2291 15.3906 38.189 8.80051 10.026 33.6882 36.8888 9.80301 18.8139 18.5573 14.3902 25.9391 20.2724 9.88731 30.6529 13.1308 22.8346 9.02273 22.0775 27.4339 26.922 12.3003 21.2262 19.9504 25.182 9.86879 8.60841 35.0868 17.8523 27.9167 36.6547 30.2834 15.3769 12.434 26.0065
2
11.8836 17.4316 5.9465 5.86918 8.19318 16.3606 4.28614 6.81957 7.23648 8.95145 10.2656 9.55642 19.0895 9.03096 6.9765 11.3305 13.3804 14.3613 14.9065 14.9713 19.8197 18.4139 18.2568 16.3619 15.7591 14.2494 19.6946 15.9275 8.5905 19.3167 17.3526 12.9481 4.79883 9.98341 5.88818 9.51001 9.48061 10.6104 11.4141 6.90612 12.1408 9.98242 14.1147 13.3003 14.5802 5.90821 16.3582 5.46623 16.6868 18.8015 6.11937 15.4138 7.94235 15.0563 17.5235 4.71637 16.4574 5.02852 14.326 9.34997 15.3474 8.4367 14.1375 17.8583 18.2619 15.9938 11.2106 9.65492 11.8795 16.0834 11.5964 8.27627 17.1815 15.292 18.4875 8.39662 15.3157 17.6103 17.5572 7.4188 5.86451 11.1164 16.108 8.45238 5.32777 14.9521 17.843 9.49211 5.63467 19.4064 11.071 13.609 12.4962 7.9174 4.15957 18.9667 15.4111 13.8063 18.0468 15.4753
3
26.5778 26.863 19.2144 22.0657 6.5576 14.2433 9.55045 16.8425 22.5259 15.3945 25.2481 7.10789 12.7899 6.26569 23.6112 16.2434 23.7918 26.9228 13.7051 28.9889 14.5077 12.0583 17.6533 27.7978 29.2276 28.1532 12.2358 12.5185 24.0588 12.1383 27.1341 13.2449 6.49771 8.39511 6.16555 16.1798 25.413 10.9431 27.8514 16.3561 10.7843 11.6548 23.6619 9.05761 20.5398 21.3443 10.2823 25.7852 17.8371 28.5715 10.2444 14.6106 12.1301 11.0065 17.2654 18.7623 11.3668 24.1977 8.63969 9.28738 6.66095 14.5883 13.0268 29.6321 24.7818 17.6225 7.9786 19.9863 25.805 15.7887 27.5503 15.2349 29.2694 9.43964 26.3385 24.3589 18.1827 19.2364 12.2907 9.13235 16.22 9.05826 6.62877 25.9566 19.4591 12.2225 19.2316 24.6765 21.9958 29.8584 17.8196 28.2227 20.7838 20.278 19.2858 6.92263 11.0424 16.1894 29.5157 15.326
2
13.1255 16.5466 7.14365 14.5493 12.2516 13.8769 8.11006 19.1922 6.18598 4.27143 17.0621 9.38988 15.5245 5.94944 15.4375 18.3343 6.99504 12.8097 8.01382 5.60793 14.5146 11.1704 11.9126 14.848 18.7194 16.1851 19.7341 5.24321 5.28163 17.2488 15.1336 8.17591 18.3243 13.7048 11.1537 16.3229 13.2477 6.16669 5.62239 8.52618 5.279 4.76665 7.93277 5.74684 6.05869 7.64288 7.51385 9.41459 12.5749 18.9792 14.3069 13.4852 12.7591 19.9084 17.5588 13.5184 8.05592 17.5932 17.2458 4.08883 9.27834 13.7952 14.4387 7.84269 14.062 10.2469 10.9244 7.512 10.2305 12.1369 8.39317 8.19969 5.3842 11.0226 17.507 13.2476 7.02567 12.4819 11.1598 4.99997 9.53301 17.8166 16.2427 9.77495 16.2949 17.1199 14.2267 10.3566 17.3189 7.02126 12.8749 17.32 6.62632 18.4197 15.3976 6.50171 15.7453 15.5196 17.3619 9.92823
3
10.057 14.1958 28.5341 25.3993 6.4192 20.6791 29.6325 6.56877 16.5042 17.0847 24.3913 20.6698 16.6407 17.1774 21.2004 25.3663 26.7037 23.2748 29.1245 26.4888 18.126 12.72 16.9974 29.2572 27.5983 8.75224 10.0019 24.4501 29.553 18.3731 23.83 11.1145 14.5232 9.79874 22.5153 15.4101 6.47303 12.0943 20.0336 23.1815 22.1911 17.5823 19.7636 13.8519 29.8425 21.6205 19.9026 25.2329 17.7713 12.3415 6.93041 16.8429 26.649 16.9489 9.21502 25.3292 28.0618 29.1633 24.8548 7.58635 18.6304 8.41198 27.8498 21.1653 8.75634 27.3555 22.6964 29.5668 23.0885 26.3463 27.4991 18.0126 19.804 7.41149 15.6934 7.28892 25.7958 18.3547 20.4732 15.2548 22.8632 27.5702 12.0157 21.6103 13.9961 12.163 27.6001 21.5175 8.84937 11.9691 8.71013 19.668 9.49921 28.0693 29.2181 14.3917 11.5763 10.3905 20.7406 27.3988
2
18.5249 9.78112 14.7801 17.992 18.3173 5.01296 12.1099 13.4873 4.62904 15.0913 13.8103 18.7878 15.8452 5.7603 14.1232 17.8944 12.3555 8.62456 7.11136 17.4185 12.7053 12.1248 11.5729 12.8607 17.9775 19.0734 16.0941 15.8566 17.2183 8.56256 19.0518 18.1993 18.72 8.05596 6.37879 12.4547 7.97212 5.47843 17.9043 16.978 9.09431 11.1147 9.08241 9.14781 14.5631 7.13031 18.9202 10.6273 16.045 6.52734 6.91904 12.4672 5.14886 15.3467 5.84089 7.86093 8.90934 15.9306 9.11226 4.36696 4.8144 13.0565 7.67843 19.4083 12.1894 12.7561 19.1204 18.8635 4.74999 15.6312 19.8467 18.5605 13.1364 14.4789 15.1739 12.4868 6.24204 6.03949 6.10552 19.5277 8.14782 14.6784 15.6257 16.5451 15.4763 17.8151 5.31651 9.60996 19.9766 18.9121 13.1137 19.2008 13.1536 5.83588 15.0125 15.1798 13.7534 16.4017 9.53583 17.3605
3
29.5023 16.0674 20.6818 6.57042 17.7676 28.9762 7.05558 16.1706 25.0379 25.1355 24.5605 21.1174 28.2933 9.48874 24.0447 26.4728 17.4179 23.2387 29.0125 15.9591 29.8402 19.2596 9.83047 16.0729 18.266 23.2497 13.6969 29.3614 26.3448 24.9672 20.2174 28.2041 25.1164 9.89344 6.43231 14.4438 17.0794 19.6672 15.1375 12.2094 12.7255 15.6332 26.344 11.2769 18.3853 21.85 13.7194 28.3095 12.2263 21.8995 21.8548 27.3222 11.2497 25.8422 10.2012 22.7149 26.1277 9.66328 7.51952 22.2159 18.7263 11.5509 22.6869 25.0819 7.15683 27.3526 27.704 8.8966 13.1997 25.5525 22.7469 12.3121 8.94528 24.1131 7.10685 19.0771 25.4936 9.52555 21.8621 26.6956 16.5593 12.4124 28.1256 17.0593 11.8227 12.0261 14.7117 8.39818 20.8734 19.9877 15.0665 13.8929 18.5882 27.6082 7.30477 26.292 12.788 11.138 13.1978 9.87866
3
26.494 14.2557 8.41703 13.049 11.8474 27.7364 22.7189 6.64885 24.8167 6.12353 21.7856 7.45708 12.747 11.5822 7.84564 17.194 22.7954 23.6701 15.9801 7.49396 23.9106 28.0111 14.8322 25.2115 24.0146 22.8515 21.7542 24.5945 16.3564 24.9668 29.3598 26.7925 15.0061 18.3888 18.4512 13.1693 13.4565 11.4212 26.289 20.8886 18.3041 13.4121 29.175 27.2411 27.9753 12.7533 28.3149 7.18243 24.4682 19.5735 13.9308 26.5499 28.0778 26.5963 16.5924 23.4275 7.07497 11.6292 28.7343 16.1272 16.3053 15.1544 17.3298 18.2563 8.67924 20.4897 14.6892 27.3385 17.5207 17.987 16.3508 27.4578 21.7431 16.7393 21.0344 24.3948 11.8223 13.2626 25.6255 17.7227 12.5343 28.624 10.1588 12.333 16.4266 19.4816 25.7703 9.85866 27.993 26.5085 24.5859 22.4646 16.519 17.6667 12.5163 13.4732 13.5678 17.8014 7.92623 11.2938
2
15.4858 12.2053 6.03109 7.93261 12.6846 18.8048 12.5337 19.954 7.49733 4.57153 18.3806 5.96772 8.10122 14.1143 14.7148 19.8667 18.1288 5.57687 4.16291 14.8233 13.8775 4.50233 10.8584 9.53698 4.41145 17.9795 16.3867 6.2952 5.61627 13.1342 6.71656 14.9107 19.2716 12.0277 15.1784 12.597 16.202 7.02487 18.5537 9.84445 6.56983 12.6947 11.337 12.3608 12.3719 14.3053 11.233 9.13672 17.2032 8.97627 8.95209 8.7003 4.34907 19.5508 7.3655 5.62252 6.26971 13.2501 11.084 19.336 12.5382 13.1723 7.52131 15.3299 19.2955 6.69877 16.5061 18.7834 11.2841 10.87 17.5037 14.6994 7.52417 18.794 15.5107 16.6032 17.6925 19.1491 14.6854 17.8655 16.2691 12.8444 8.77577 7.71495 13.5128 18.8991 5.40766 14.0012 18.3278 17.6053 9.29603 10.7716 12.0849 7.03434 5.44157 12.7242 8.45905 16.9511 19.375 10.5983
4
19.6065 19.2562 39.666 13.5653 25.7837 10.7764 31.508 15.0361 22.9064 23.6928 33.088 30.7875 12.4038 26.7259 32.1834 32.3158 35.7681 39.7613 15.5118 12.6102 24.3232 21.0582 21.2313 30.4202 26.3624 26.9829 13.6216 24.8622 15.2798 17.8933 19.5725 9.98758 26.3218 35.7981 14.5037 18.9397 33.5815 15.4174 13.3413 39.3234 10.8632 34.2672 30.1757 29.4123 20.0405 23.396 26.2266 16.8194 18.5341 16.3954 37.7392 33.2549 13.533 38.3118 11.4374 30.9978 14.5853 24.0831 35.1584 30.7041 12.1835 36.1266 27.2939 22.1797 25.9678 34.7009 36.6633 11.7392 18.1749 30.6698 8.44309 9.77945 19.9548 18.29 23.7781 16.1893 26.1825 21.6506 12.6996 37.2235 22.3887 20.3872 27.9745 15.4641 35.434 8.29623 31.5117 10.4943 11.5534 30.4754 8.94993 15.9109 37.3937 20.6138 20.052 22.2991 19.6712 36.0583 24.531 15.7957
5
22.6271 40.9729 25.2456 14.7684 45.4172 19.5748 10.7281 13.5716 16.3587 15.3094 38.9939 42.2363 43.3325 44.9677 28.5102 24.3232 18.9796 16.0034 32.8655 36.8836 20.5406 47.2519 17.144 14.9195 14.9911 29.9847 15.2986 33.1327 43.3787 45.7036 47.4279 26.3664 28.2675 27.0821 25.8653 20.148 38.1975 18.4603 48.9847 32.7378 13.0635 42.2992 11.63 20.0897 44.3213 28.0004 31.0739 45.132 33.9269 29.4981 37.414 22.7723 45.9143 48.0292 47.3094 42.0342 34.5191 26.4879 49.9673 36.7313 42.7535 31.771 44.2837 26.0852 15.3399 11.5203 16.0454 36.6941 19.9076 41.6679 14.0989 27.2565 40.3606 31.1914 14.3933 27.459 36.3221 20.4843 30.8028 32.4317 12.5615 19.7491 21.6352 44.1794 12.3109 23.8178 30.7326 21.3938 38.3769 49.8076 12.0707 29.054 35.9539 14.0168 36.7634 49.2194 41.0458 34.4677 31.3773 44.4244
4
27.9903 8.60043 39.3661 20.365 20.885 29.4896 10.526 22.8842 19.0519 18.7078 37.9118 39.5436 38.6661 20.1007 31.3577 35.323 39.4136 23.441 11.8172 12.1589 37.4448 14.8262 23.6194 31.0977 19.0894 35.2434 16.7966 24.9269 35.9543 13.9236 36.1106 19.9106 38.033 15.1134 37.4 17.2525 33.4483 8.88714 35.8753 8.9133 19.4557 12.6248 18.9866 34.4062 33.3311 17.7813 24.4878 33.1958 39.7685 20.5719 24.3238 23.326 19.4123 35.1983 30.9643 24.9007 23.1494 8.24085 18.8106 19.0439 28.7865 8.8417 29.2987 16.9624 20.7361 21.3043 36.3261 33.7379 17.3386 18.7337 20.624 25.4717 34.443 12.3426 37.7034 16.4088 13.8733 35.0488 39.998 10.6647 9.40391 25.9886 21.8283 27.1815 34.8703 38.5713 39.815 28.537 11.0393 18.699 21.3626 34.2324 31.8639 39.7787 17.8416 13.0836 26.7485 33.1491 31.0927 21.3408
4
10.0947 17.0967 25.6969 19.9464 33.0475 14.2895 13.468 19.7805 11.7387 35.1478 39.1924 38.1788 37.0451 31.384 24.9795 17.7461 39.0289 26.4936 14.8419 33.3676 21.4362 17.3833 12.5852 26.6189 18.0089 13.094 12.574 13.334 10.7373 20.7446 19.501 34.4558 26.176 20.8214 21.2827 24.2961 25.9504 13.9389 15.2061 34.3276 15.5763 37.1953 35.4541 10.6351 35.7203 24.2493 10.1312 27.1488 28.0239 31.2428 19.917 28.7871 23.617 14.6935 34.472 34.6313 22.4463 19.4843 34.719 31.2595 27.5427 11.072 29.1281 10.3634 34.3535 34.0434 24.1273 36.7729 39.2641 11.1405 16.7661 17.0144 11.4333 8.88257 21.755 30.5272 36.0696 11.9082 25.0081 13.6632 13.2704 16.1634 19.8117 26.594 32.5516 11.0603 33.7454 37.2526 23.1915 36.7318 30.4798 20.4322 8.51382 30.5062 26.5766 26.1685 28.2353 16.7286 35.4152 39.5305
2
8.87796 7.5119 18.381 5.48139 4.97149 19.7979 8.04492 12.9045 14.2823 11.7229 8.01369 10.2094 18.8617 5.1484 12.82 14.1287 16.1245 17.0982 10.9782 5.84789 18.3934 15.2288 10.1203 9.85667 4.82968 18.5159 7.4259 9.42344 16.565 10.9695 10.1584 16.5038 13.8456 12.1889 7.12042 9.89624 14.0019 12.5723 19.8404 19.4576 9.05542 12.9912 14.3033 14.1902 13.7762 12.7434 18.0378 8.01385 7.00283 17.5971 7.37224 17.035 13.0376 15.7383 13.6722 18.125 13.9295 17.4333 5.37189 14.6212 11.4572 18.2204 18.6121 14.9614 17.6252 5.44228 5.29699 6.06707 12.4843 19.931 7.38241 7.28447 8.09057 16.6598 6.20813 6.6989 9.41445 8.1723 15.6865 17.6331 19.012 18.6034 16.16 17.1429 12.2717 4.10277 17.7404 12.3221 6.04928 11.4745 17.9419 4.22997 11.5019 18.8451 6.42033 7.25295 17.9358 10.1723 13.6315 13.7134
1
3.68724 9.73627 4.32617 4.62682 6.60222 8.69105 4.02456 7.70303 7.44155 6.00597 2.98611 2.41595 2.49507 7.26188 6.71324 6.87634 6.16336 8.54725 7.3832 7.88585 5.30182 7.76138 9.84666 3.39867 4.44416 3.92973 9.89633 6.63594 9.18642 8.3128 5.08685 4.63431 5.01306 5.08964 8.38723 2.00978 6.84603 9.39736 4.947 2.71816 8.59834 4.50784 2.25741 8.59334 8.01323 5.92287 5.98894 3.44464 4.07024 6.16902 3.78624 5.49454 2.23945 4.0735 9.30194 8.9379 8.86507 4.30216 4.75039 5.40409 5.95971 2.94098 6.26271 6.10317 3.69052 8.9023 6.3244 3.43743 5.83852 8.93691 5.57663 4.85947 5.51223 2.03347 4.26262 9.75814 2.39709 6.98633 9.60029 2.15353 2.82162 4.91299 5.36234 9.98238 5.92182 4.50265 7.94524 3.75494 5.18494 3.77686 7.20813 9.36476 4.65391 8.14369 8.36301 3.83254 3.07363 2.52656 9.19751 4.76531
3
14.9422 24.5445 8.29773 26.0112 29.497 12.2158 6.34334 6.01917 25.1661 21.0512 22.0573 10.1976 24.8412 17.933 13.5326 25.5317 9.52815 15.5535 6.01966 11.1205 14.1092 26.3676 12.8487 13.0661 20.9179 28.7872 28.8986 24.0903 16.0935 18.0863 20.5805 11.3454 27.6866 28.4848 10.3061 13.8886 18.4817 18.8809 23.4074 25.2887 16.5068 24.6994 7.47896 6.83426 8.20016 24.3265 8.10961 22.8111 13.1996 6.59763 26.9734 15.3186 21.7265 11.809 26.2478 14.0933 9.53137 20.7208 21.3291 22.8087 11.3701 28.0204 17.8115 29.3196 23.9796 18.7153 10.7019 17.3203 19.5223 27.9236 29.8356 6.88471 20.4667 14.5316 29.4648 13.3583 24.8746 29.1861 25.9864 12.069 9.0626 11.092 29.7785 26.3273 24.6062 18.0817 19.1158 6.1833 28.657 20.427 18.1296 11.41 28.5398 26.8612 10.7848 18.1815 23.5994 21.2805 28.8388 18.9145
3
7.89853 29.4199 8.03002 10.6934 14.3798 9.84439 17.0004 22.1895 29.4089 26.1042 22.5179 22.1841 11.7616 12.1429 10.192 15.4498 15.9659 26.7358 11.0459 18.7697 21.0838 22.3284 24.3537 13.5615 28.2532 11.4695 11.2846 8.89362 8.5822 9.93354 23.9458 28.987 8.99008 29.6257 12.4204 13.2969 9.58925 16.3635 10.3917 7.26769 20.2012 17.6284 13.9494 19.8548 21.6006 7.38169 26.1696 9.90766 11.0809 25.0376 26.0649 13.5071 9.93605 19.6884 10.4957 22.3511 16.4508 20.6745 23.6384 21.2825 13.9945 13.5934 22.6031 23.0531 29.8115 10.8415 9.79485 16.4164 6.102 19.7823 28.613 13.6447 18.9876 25.635 9.08095 29.5626 18.9541 16.1767 8.00094 22.1914 24.3669 9.35275 26.228 23.0987 25.6515 26.8881 7.65547 19.5454 15.7332 10.9943 6.50772 20.5254 16.33 23.2653 11.5316 24.7913 23.6926 14.8557 25.6827 22.9591
3
16.8075 6.70278 19.5202 20.1912 9.40808 20.5661 17.4885 9.69657 10.9424 13.3692 19.5632 29.3365 8.64562 9.76978 21.8214 25.7481 11.0323 16.968 26.2596 15.1648 14.8078 20.7884 18.8714 25.2856 12.7923 13.89 11.846 12.1311 12.5733 9.32374 14.6055 8.10704 17.6081 22.656 20.4016 19.4921 24.4932 11.8763 29.1876 13.5705 24.1198 10.3091 13.4872 29.6274 24.4345 21.7471 27.9768 22.0253 22.524 21.026 21.5018 9.58108 27.7416 25.2583 20.2437 7.46232 27.5956 14.9465 12.759 15.8208 10.1173 18.1923 25.606 9.38306 18.4276 29.2224 20.2814 22.2161 27.2217 14.4494 16.1822 19.887 12.8894 25.2847 10.3142 25.2355 18.9908 10.9251 14.4645 9.97802 24.8052 10.3294 8.55715 6.36216 6.6731 16.605 22.9106 11.0898 11.8492 13.0229 16.1158 27.7287 22.5852 13.8795 13.2537 23.8296 18.1615 21.4252 15.1709 16.97
2
8.48756 7.80318 5.28496 8.82373 10.4953 19.1465 14.4457 14.2792 13.5718 17.4653 6.93698 16.2863 9.58049 9.54611 18.1368 18.0129 7.55801 12.2327 9.66316 18.7723 12.6275 10.886 9.41665 18.7454 12.5607 8.00896 18.5533 9.64948 11.5527 10.5998 14.951 9.91536 10.77 16.7943 18.731 14.9363 15.237 18.3612 13.3983 8.95035 6.62005 7.61253 16.1623 13.1191 17.4754 13.2913 19.0005 4.36524 14.5198 17.9995 6.02801 7.53139 6.48939 13.7285 16.7354 11.4227 12.1468 8.05445 4.65697 19.2958 8.00144 5.5613 13.0322 4.35642 11.3029 9.05382 9.02319 8.82845 9.87231 9.12314 18.0495 5.15668 14.3326 14.6274 19.8047 5.90584 16.3007 4.64995 15.5152 16.9185 8.1044 6.49732 8.00526 8.29425 15.5857 12.3002 8.1298 17.7524 19.5539 10.779 9.13827 8.94164 13.4509 14.7373 18.5314 7.25747 16.7901 16.8452 16.9735 15.732
1
2.18557 5.17254 3.4098 6.11968 9.396 8.95392 4.61901 7.57754 6.05959 3.3448 4.18212 9.93815 8.6979 5.42629 2.07247 8.70047 6.52417 5.89983 6.30027 2.10024 8.30623 8.45552 6.70247 7.14365 8.87233 9.88507 5.20376 8.46366 7.41643 3.59566 7.70508 7.65537 3.75889 3.18085 4.7557 6.74665 4.71913 4.70495 2.16542 9.46025 2.75629 8.35701 4.71277 5.9237 3.03419 6.13062 2.10577 4.48316 9.06686 4.18593 8.3514 8.27758 7.10096 6.54996 7.68989 4.22933 7.39113 8.81164 6.25032 2.10759 2.52483 4.46762 6.58361 3.32073 8.95255 8.5753 4.22921 5.09402 7.88001 9.36919 3.47172 3.6887 3.67835 8.4969 3.44371 2.31896 3.96858 8.53103 3.731 7.42282 7.53675 8.41317 8.63661 6.94328 8.23574 5.48629 3.25964 6.27603 9.03032 4.77176 4.54536 7.53984 2.34136 6.14725 4.46277 3.82603 2.8457 6.08174 8.46576 6.08308
4
36.9036 31.9777 10.1243 22.5983 20.0755 26.7818 18.4045 9.01555 9.38489 39.2297 15.6578 28.3606 14.5162 12.9136 38.0285 21.7145 38.3311 18.5681 16.4507 20.0758 35.047 30.3942 26.4997 34.2478 31.7929 26.0411 38.6831 14.4461 17.667 32.3715 25.2965 17.753 12.4213 35.1347 39.968 25.5411 30.8982 30.6735 22.0182 12.9937 19.3441 25.7889 13.7584 16.8457 39.7243 23.8879 14.8546 19.4696 26.1664 11.5399 17.8797 19.4332 13.6536 31.5657 9.18099 26.652 19.097 20.7859 15.1868 16.263 10.908 26.5506 26.2775 11.344 27.1993 16.1794 22.3463 24.6035 30.7362 37.4329 12.1741 13.1662 24.7668 24.1435 38.744 8.57976 33.8522 21.1288 14.6203 16.1666 9.82495 10.5135 27.5168 21.8467 18.9989 33.5844 36.1798 36.5563 18.7562 30.3036 28.7101 20.3867 11.6363 10.6049 27.4501 16.5696 29.0517 27.5984 36.5598 33.4324
4
31.2818 13.1938 11.53 33.3802 18.2614 13.6526 34.0449 25.6734 19.4808 27.1546 13.2037 32.3834 31.262 24.7446 36.8405 14.2836 30.6993 17.2614 25.1045 17.5558 13.4388 9.67436 10.0801 20.0455 34.5461 37.1645 30.3087 20.0749 14.0867 22.5743 29.8341 31.4366 37.0442 34.8525 31.3997 8.19423 29.2019 32.1168 29.4205 18.9151 34.6116 36.962 16.3555 37.9589 24.276 35.6363 20.1055 9.44837 29.6683 20.7121 38.0614 15.5466 26.7153 28.8763 17.428 36.666 27.8676 33.4639 39.4477 15.2335 15.8841 39.3617 9.15026 14.6381 32.9524 31.9052 16.2524 16.9847 10.7742 15.3955 12.8331 31.2791 23.2367 32.8599 21.409 39.6706 19.2986 34.6814 15.0358 21.3755 21.7123 15.7228 27.0591 13.9073 25.2105 16.5701 32.1416 19.2392 19.7797 8.5191 12.19 18.5225 28.6472 9.93218 20.8077 14.9865 26.6052 21.5887 35.8975 32.6463
2
17.9911 4.28036 17.441 18.0799 17.392 6.99973 19.9366 13.6538 6.38252 19.5639 19.2511 18.5334 15.5212 15.9124 4.50514 13.3972 9.38524 4.90006 13.5792 11.4167 15.743 13.7076 4.3616 4.99972 18.5174 17.8093 13.5674 15.3716 15.1012 11.0586 13.6911 8.55547 18.5879 13.4536 18.6558 5.31485 13.4797 10.1464 16.721 12.6199 5.43566 11.258 17.2118 16.2013 5.62247 10.0613 5.63164 5.75319 18.2303 5.09481 5.72186 8.34806 7.7159 15.7692 19.0294 13.6262 18.3362 9.03022 16.5461 14.3218 14.534 10.6389 16.9822 5.68885 6.73892 6.63328 18.2352 15.3885 7.14587 12.5326 16.6182 15.4013 4.03361 19.8475 16.4094 19.5258 19.1857 13.4586 16.2856 18.0273 12.9766 17.4251 11.201 12.9975 13.6852 18.787 4.27646 5.98986 19.5988 6.92318 11.2583 17.4907 10.4689 18.027 12.1122 13.7903 8.88261 14.2633 16.3126 4.81579
3
16.8589 11.0992 10.8336 7.79187 6.93472 23.8238 20.7821 25.1737 26.6412 22.7856 23.6755 24.7173 27.676 16.7519 21.2032 19.5546 7.31499 9.58062 20.0499 13.8022 16.5747 26.9437 11.3982 26.2772 28.2966 17.1526 8.586 28.2987 21.1209 25.5532 9.88969 18.0434 17.32 15.959 23.3993 27.9238 10.4584 14.592 8.95654 11.4591 12.8507 9.99976 6.1231 18.1052 26.7827 8.41689 27.1488 14.5149 13.4683 26.0403 19.9079 12.6958 11.7077 21.6869 19.7721 19.5345 12.2178 19.3023 15.3901 24.157 15.6019 27.7889 19.3404 29.5926 11.9295 19.6235 24.6291 21.2112 9.89248 19.7313 13.9977 10.4017 9.50831 26.0867 27.0135 9.96205 10.3385 17.5081 7.90831 19.6669 9.19065 22.117 27.1358 10.4846 19.2731 9.92955 11.6161 21.9101 28.7713 27.048 20.6357 12.8833 14.8139 10.9236 22.3724 24.7625 14.7981 28.1566 28.0127 20.8193
4
34.0167 20.6877 29.2389 24.1297 20.166 26.3762 26.1648 36.4794 37.2194 29.4092 31.781 13.8979 27.8231 38.1447 8.91799 25.3338 23.6771 23.9512 30.4324 23.9166 29.5661 16.5792 13.4263 24.6559 12.2988 13.2216 16.437 18.8945 16.6798 29.3885 37.7232 21.6369 22.6397 19.7222 20.7707 15.8806 29.6495 12.8758 13.1449 14.0743 30.5418 12.5813 16.8137 16.8277 24.8659 25.0333 36.0656 8.99842 37.9012 36.7104 37.1491 13.281 23.4534 30.7625 21.7577 37.4226 16.5592 10.0868 8.48521 15.1912 14.2244 35.2184 12.3773 9.21976 30.3194 37.1606 24.7035 23.8535 10.7589 37.2793 35.0747 32.1231 39.0889 38.3871 18.0318 28.9707 22.6079 11.1418 38.2294 26.8522 9.14509 23.8841 28.3414 13.8419 20.6229 28.0402 17.8107 30.364 25.5271 35.2137 30.5708 16.6758 8.41014 22.0916 29.8628 19.2286 38.5528 27.2901 8.27288 8.02928
5
11.8334 11.0929 49.2714 33.4654 37.3976 14.3444 19.6106 23.6763 27.2205 29.3916 26.463 38.0086 23.7176 10.8281 47.8922 16.3389 31.3158 44.9645 49.1187 34.0363 31.9575 48.8904 18.0792 40.2385 18.0978 28.4742 29.4937 32.3329 17.7244 42.3317 16.9723 38.6717 15.9342 28.7962 22.6931 11.5532 47.5947 22.9193 24.1815 22.5009 25.6247 20.535 47.7233 41.8707 39.4228 36.4189 47.9423 34.8184 27.9761 33.5711 43.0736 35.658 22.1812 10.6577 45.4639 32.6424 40.907 24.6392 16.8304 25.1979 15.332 15.6181 47.8086 25.6433 46.086 30.9381 11.3217 27.4254 27.7293 15.5631 29.3016 11.9018 45.0987 25.7715 22.2931 35.7021 36.053 13.1926 21.4731 10.6988 25.1481 16.22 12.6151 38.6204 42.7742 45.8312 11.531 12.3352 14.2849 42.8447 40.5215 45.8402 33.6511 13.6473 45.3653 24.9841 46.1694 21.4214 42.3797 20.9562
2
4.57814 4.98681 18.0515 17.6588 15.0547 13.8041 18.6267 10.4017 12.2482 15.6218 14.9997 19.3114 4.47955 13.138 7.93779 5.23149 17.9756 18.3047 9.54813 16.8753 15.8998 14.3503 18.4537 16.3765 7.56351 10.9996 9.43099 14.8176 5.38036 11.4513 13.0716 18.2987 19.1267 17.6781 13.0316 9.10799 9.06965 12.6093 16.4296 14.5585 11.5262 5.76082 16.9571 16.0511 14.4153 8.87345 6.26298 14.9287 12.3657 4.12225 17.1753 15.682 18.9418 19.4601 10.3223 11.0708 9.55048 13.6573 11.715 9.72299 12.5908 13.6002 16.8547 6.7733 10.4093 6.41086 12.9275 10.1044 19.624 4.95051 10.6473 14.7537 4.37826 5.26962 13.3119 14.0467 16.0885 6.56633 14.6328 12.0217 13.2474 12.2165 8.90195 5.70547 18.8447 14.4374 17.0583 5.80561 12.9698 17.1476 8.21594 8.37903 18.1564 11.586 16.2164 10.0414 7.03329 15.2515 18.7688 19.2785
4
11.8595 14.7244 36.8834 33.7513 24.6723 9.21441 36.7349 29.1849 10.7073 27.7587 24.9 15.2249 30.2671 10.3169 35.0357 23.2401 39.3906 20.8243 38.7669 32.8052 16.4581 22.8969 13.4043 25.9725 39.1805 15.3265 21.3615 11.648 28.5984 13.9931 37.8926 38.6954 36.7162 14.8173 39.7783 32.3935 10.3959 16.3796 11.5841 32.8729 20.1353 28.8294 14.115 14.1553 30.3563 35.7117 19.6933 38.4219 23.8281 11.3332 26.8835 36.1349 20.8498 8.29594 15.2889 14.6383 21.8178 17.8205 13.0463 33.8608 37.8037 17.4862 13.6424 31.7492 29.7655 21.0121 30.6776 38.0529 33.02 16.7037 11.202 11.0895 15.5995 9.19109 8.24906 12.1116 19.1178 35.0828 29.1909 31.9038 18.7712 31.1607 8.54151 8.23216 35.1001 17.7413 9.83142 36.7729 14.1339 11.8274 33.1806 18.144 24.5469 20.6763 29.193 39.6657 16.4483 26.4088 23.7983 14.4747
1
8.24481 2.5869 4.67724 8.55462 7.32276 5.72698 3.21986 7.02539 6.92925 3.51048 6.67052 4.1169 9.55361 2.47619 3.54974 4.57002 8.10444 2.33921 7.80311 2.00647 6.25725 7.75375 4.38746 5.5279 6.53699 8.13113 5.35754 7.38562 4.1667 8.04423 7.48444 7.25252 2.71352 8.74955 4.43699 2.62819 5.56328 3.35828 8.55743 8.90868 3.255 2.18749 7.26248 6.65193 2.70649 2.82274 5.10128 3.5704 2.3623 5.42343 8.50117 8.78191 3.29526 7.80198 4.23288 6.85006 4.29298 4.80827 8.62602 5.14541 2.96034 2.55047 2.56647 6.05879 2.86939 3.98352 9.30664 5.59785 4.78795 4.39661 6.12007 9.89815 2.01792 5.33076 2.83142 7.18013 9.8748 9.45785 6.25328 2.68301 9.33959 8.95238 7.5609 2.10713 6.91419 5.88703 3.63623 7.0957 6.71184 9.18354 9.41237 8.28748 4.81349 2.64991 4.24985 3.47142 5.92163 8.63535 5.37578 6.37461
2
10.3236 13.7207 18.6892 6.91263 10.7231 17.3581 10.5979 11.1355 9.10744 5.65287 8.62422 15.3509 6.6078 15.8675 12.9742 15.2643 8.84104 18.3684 12.8662 14.2355 6.59892 19.1945 13.9688 4.88511 4.23744 16.1554 4.44449 17.6367 18.5789 8.26965 16.4132 14.0047 7.13912 6.35651 11.6466 14.4429 8.49244 12.5934 12.3064 6.56437 13.5868 4.85194 5.53986 15.5463 18.8217 13.6246 18.7429 18.5319 11.7009 15.3547 14.3061 12.8416 11.8737 9.98229 8.65357 7.8065 6.37535 14.5185 8.38864 18.0367 5.88082 12.4601 16.3588 11.936 4.78377 14.8584 12.4515 13.2769 15.9129 8.85269 9.93432 13.6469 18.6986 5.48341 4.15156 13.5802 15.6026 18.5949 18.3895 18.186 11.6222 18.6422 7.72319 9.08636 7.68306 5.21355 9.65769 14.4761 6.73104 10.0809 6.3749 19.1177 19.3379 6.59151 7.4 4.08255 11.6315 9.21315 17.499 10.0526
2
18.0517 7.31383 18.2078 17.7211 19.5435 15.7792 15.9617 12.0269 16.7919 18.5896 14.4011 14.7572 14.737 11.7112 17.4586 7.56081 10.4449 14.2388 10.1185 12.7001 14.1564 12.254 12.8054 9.75587 17.1565 4.76868 15.3757 15.7016 5.02822 11.3191 19.2738 13.9071 6.85209 16.7714 4.41616 13.6365 14.9151 8.90141 9.36518 13.601 13.4906 12.3116 5.35584 15.1303 7.25167 10.2475 16.7371 10.5245 7.88162 17.8758 16.3911 4.14934 5.44241 14.5869 8.69212 15.8368 19.0649 6.88459 12.5685 4.15407 5.52255 17.4251 13.229 19.1032 16.2519 7.76765 19.1173 17.814 5.38109 18.4 12.6563 12.792 7.33049 13.6006 19.3447 10.2857 14.5465 10.7001 11.7691 16.3332 9.93178 5.30496 9.0932 8.0531 4.5347 8.04538 16.5873 11.7403 15.0594 16.4101 13.7605 17.3304 15.76 5.23092 11.6572 6.79444 15.2814 7.37837 11.8822 10.0272
2
14.7888 6.3713 12.5505 4.23329 4.675 15.9159 10.3065 4.66506 18.5191 19.5353 15.2241 12.1368 7.13776 6.26077 14.7158 19.6447 7.29392 17.7146 13.498 14.2218 6.31648 7.26833 19.0579 15.2937 15.7409 8.17439 13.2959 13.6644 9.28263 6.98447 7.65803 17.445 8.45612 10.566 11.0696 15.2363 11.1517 15.0301 15.9837 6.88017 6.4833 4.88289 15.8558 16.0891 19.2186 18.7131 7.35805 19.2697 19.1052 17.7284 14.6454 16.8502 14.4049 17.4525 16.9857 13.4252 12.9478 18.8965 17.0665 13.0313 18.02 15.5155 11.2914 11.8641 6.39656 4.2648 11.378 6.75023 15.8328 13.0665 14.5704 9.68751 9.32556 17.0001 15.7777 14.764 19.4579 19.5291 14.9525 11.7701 8.13904 19.0764 9.02098 16.8152 17.0527 17.2605 9.67719 14.2622 4.12533 5.10572 4.35383 12.291 13.328 11.5382 5.68273 18.4052 17.1234 14.4808 18.7568 17.1937
4
15.6678 36.9558 21.2622 34.8176 38.3592 12.043 16.55 33.8051 25.5144 38.3605 25.2346 8.83683 30.3919 29.6229 16.5438 9.5971 21.2045 20.46 15.4883 21.4692 37.5029 29.9064 11.214 37.635 8.02969 16.1425 34.8893 35.4886 24.1689 30.613 21.2486 33.4905 15.1168 15.6467 35.9206 28.5853 18.8978 9.70376 18.6638 38.3091 11.3512 28.3747 24.6359 31.7114 23.2139 17.2565 33.8209 21.2166 35.4238 24.8305 38.7393 19.5499 14.7685 15.4675 8.5674 21.8522 12.0049 30.684 39.7887 21.11 28.5749 38.777 19.5041 9.02485 38.0411 36.9588 23.5253 18.4465 12.369 18.1205 23.3762 15.4962 35.179 30.3461 12.3277 33.5043 16.0948 21.3045 36.5904 20.8873 32.3124 31.6431 9.79092 35.0889 27.5143 29.5078 28.8561 14.7113 38.2553 30.3163 29.4306 33.9603 13.9431 33.907 26.9523 31.5302 32.5402 23.1904 21.5118 30.0531
4
11.527 20.7192 38.0359 37.831 39.8036 9.29255 9.54156 16.1733 23.2566 25.3805 8.46543 11.5646 31.0235 28.0005 13.8951 11.6003 16.0943 12.6148 11.9365 9.99127 31.642 12.7592 34.2445 28.2213 30.6589 19.1359 22.6719 30.4804 16.5248 17.7933 19.6628 17.498 8.13236 37.0186 8.01547 16.9019 27.1931 36.5695 11.639 15.7273 35.3508 24.8671 20.9292 16.7015 12.7267 29.7782 18.3886 23.9287 25.5202 36.6093 36.1155 27.6008 10.2928 14.9395 24.7874 33.3574 34.5571 35.9155 25.7636 29.9227 9.29892 9.63503 25.9316 20.6415 13.0547 20.2427 34.9226 28.5414 27.1715 36.3642 36.322 24.545 33.8732 22.503 16.4977 24.4576 28.7588 13.0256 26.6739 32.3555 19.3563 38.3583 17.8727 27.999 25.3598 25.0236 28.3513 11.8969 8.1715 23.1383 31.157 33.6451 17.377 34.9998 37.4269 9.16683 17.776 38.3854 35.0574 36.4774
1
9.67175 5.46806 4.88579 9.49066 7.65555 9.70856 3.69122 4.08496 5.65142 4.93044 7.26686 5.94135 2.62899 9.70023 5.63022 5.94113 4.73758 3.20323 6.727 3.06626 7.70075 6.98181 8.65586 8.78444 2.06665 3.28757 3.3898 4.93856 7.09573 8.32848 2.77541 6.42185 5.06683 4.69226 7.59111 5.91987 9.78294 7.22733 2.44585 4.00068 9.058 2.66249 5.29923 9.83437 2.96587 9.24667 2.38464 3.82328 9.63276 8.68987 9.3163 7.42409 8.35434 8.68672 5.16178 7.44302 7.81885 8.30369 8.26097 4.0855 5.2174 8.51147 4.57305 6.04142 4.0227 4.14343 9.33233 5.88733 4.21757 7.56181 8.79463 3.08669 8.75431 4.3125 2.85507 7.86965 4.02635 7.04994 3.31882 9.27334 2.13333 8.01328 4.60587 4.62417 2.72091 8.33499 9.67112 5.74317 6.17646 8.46335 3.92111 3.15582 3.96209 5.97988 3.90851 7.58746 9.86599 9.09303 5.58577 2.02561
5
40.0668 14.3946 42.0029 19.5824 39.7668 10.237 15.7476 43.9502 49.8883 34.1624 40.5876 23.3751 22.2954 45.8592 14.3605 31.8566 22.1308 19.8446 44.0061 44.2511 37.0833 13.0805 39.2349 43.2294 36.9022 40.8428 25.5835 39.8792 33.9397 24.1275 32.6389 16.2341 25.502 41.8731 23.2121 48.01 28.7908 11.2811 19.243 35.8302 29.2167 49.5159 30.2172 43.2206 32.865 20.0659 39.8764 49.6563 23.8961 17.0456 37.0035 16.9402 37.6605 30.7216 46.0639 17.1961 10.3111 47.5426 43.4832 20.7566 35.6931 47.9549 15.3447 32.2264 30.2925 15.2856 22.2852 33.0048 17.0259 38.9728 27.3726 38.5453 48.651 45.4263 12.7456 28.6364 41.5804 19.7978 40.7966 38.9827 40.8791 31.9443 45.6795 32.3696 47.228 29.8633 30.9235 17.6911 26.6333 13.8838 38.9338 15.1221 13.6638 14.8913 28.1614 35.7184 28.9981 29.8714 43.7217 13.7231
4
20.9742 15.2367 23.8987 25.8475 30.6479 10.809 29.9457 30.5036 35.4341 22.0667 25.964 34.781 16.6319 30.2064 17.4255 20.7969 22.3665 15.2867 31.0774 14.6581 12.7225 23.0382 31.3115 15.3969 21.3801 38.4571 38.0974 24.7528 21.8775 32.3064 30.6064 35.9254 14.626 10.6509 28.648 39.422 26.801 33.5496 16.0476 16.1269 13.2363 17.0324 18.0879 23.7158 38.4441 36.484 13.1394 10.5411 39.8876 33.5616 38.606 23.113 16.6308 12.7705 27.31 9.30095 23.4895 29.823 38.4408 27.3813 30.8095 17.9057 19.1941 15.0553 37.9976 17.9798 33.2248 8.56277 36.9283 11.2394 12.0398 14.0168 37.3529 31.8533 13.4548 21.084 22.4363 30.1151 27.241 17.135 30.5444 20.1264 8.08611 27.9917 23.4097 30.1377 23.9946 27.3939 8.79798 21.6733 32.2528 13.3128 29.8025 15.5641 19.0828 13.2347 24.8899 31.0132 31.1118 12.5401
5
30.2866 36.4146 39.7033 39.3295 47.4722 45.1317 24.5247 48.8796 29.8841 36.8958 10.1936 16.0267 30.1567 48.2222 47.9899 25.8836 46.7419 33.3042 25.344 25.668 42.5124 19.4466 32.1318 26.6747 30.5071 20.4603 13.8779 10.2255 18.8487 32.5498 48.8953 47.1269 16.8647 47.224 36.3956 30.1677 34.4431 25.7634 32.5987 29.1871 16.6551 29.7721 41.8747 48.245 25.674 32.349 39.9491 14.4257 32.0232 24.407 16.2015 37.8059 47.1846 40.6726 32.0901 32.119 19.5974 19.897 22.7336 35.6456 46.0793 23.8099 38.6796 21.863 20.7019 29.3473 34.894 39.3844 13.1499 38.6841 43.9996 10.7179 38.5981 21.6032 20.7967 49.3787 11.1338 14.7332 15.0972 44.884 42.7593 32.1833 19.9025 35.1625 20.0034 12.1101 11.9567 15.9095 40.1746 33.7448 31.7072 46.4199 19.2864 49.4132 39.7028 41.4284 33.6859 26.0801 16.4608 48.4899
1
7.34416 6.12015 2.81147 7.19319 9.62787 8.12424 3.29954 9.99412 3.73545 5.93972 7.11872 5.99675 4.03383 3.21614 4.05909 8.64221 4.35365 2.18597 7.33924 8.12254 6.39648 3.88646 6.5665 9.03448 5.56846 5.69057 5.01417 8.48287 8.52131 6.92829 8.49676 6.41509 6.68227 3.3795 3.12475 5.96771 8.05387 9.41964 9.21992 3.60656 7.56518 4.59954 4.67259 2.8415 2.25538 7.44046 9.02206 7.29721 7.57126 9.22587 5.54131 6.9211 9.05962 6.57092 4.6075 5.10974 9.73604 5.55105 9.63928 8.53499 7.41107 8.17096 8.88225 7.45105 2.2553 9.95511 6.3238 8.26378 8.88431 7.44109 3.01867 6.1434 9.24505 8.35704 2.10631 3.46196 8.5846 7.26442 8.80145 5.83672 6.78281 3.4474 6.63904 9.5608 3.32985 3.82997 5.25481 4.20222 4.23012 3.70227 8.9828 8.15268 9.11367 4.03716 5.55093 4.90727 6.83629 6.17841 4.15606 9.85647
3
17.2276 12.0304 16.7429 23.7106 9.97936 19.8531 28.5538 8.64096 28.5333 13.7569 9.05477 22.7126 25.7616 19.3445 21.6004 29.9246 9.26312 14.9439 27.0506 29.0028 29.1782 21.3511 14.5338 15.494 28.6429 27.8934 16.0851 27.1644 14.8526 16.2805 22.1273 21.1714 6.70317 13.7133 12.7642 9.47664 12.9785 16.7188 13.8545 20.9695 13.0528 17.1798 20.8352 16.7701 14.0775 8.02814 23.2636 11.1802 24.6204 20.0699 9.04597 8.75064 6.72573 7.41265 25.3218 21.9341 18.3654 28.9613 18.973 7.79231 20.2483 27.4534 25.7265 24.2265 26.9575 25.5017 10.8179 24.1986 16.3837 28.1122 14.1871 8.41399 25.4244 7.14757 11.1726 14.9327 25.916 13.2039 9.67445 6.17888 20.7694 10.37 22.7539 7.81675 14.2764 19.3374 17.6393 19.9623 20.5566 8.33075 20.1059 19.1991 16.1131 9.32598 7.19966 15.8667 12.4656 7.0266 19.2721 17.0912
5
19.3948 41.5892 34.2374 10.3352 16.0289 39.1144 47.543 33.0025 16.1304 45.0583 26.5706 13.6052 14.165 10.6084 26.0409 33.0446 31.8007 17.9484 39.0641 31.8592 45.1164 36.6819 32.7873 26.5129 16.8527 23.7736 26.6618 18.0292 31.3597 27.1653 15.9863 18.1272 19.8995 43.2219 33.3821 28.0173 13.9583 28.165 10.8567 15.0112 34.2254 33.6486 35.1122 22.103 12.8951 46.635 38.7543 35.6785 36.9472 43.7257 20.0585 46.507 10.0627 20.1043 13.9501 29.1743 40.8318 43.2478 46.8532 15.111 34.9086 31.5614 38.0658 44.3736 18.7705 48.0948 20.3174 31.3342 12.7375 29.4944 22.1643 29.4354 40.9083 40.3496 44.8802 30.1657 35.6692 33.0874 16.4972 41.4133 44.4313 23.5732 15.6541 40.353 36.2537 42.5733 27.9083 46.0227 16.0082 33.2355 27.1669 46.7471 43.7413 34.7433 24.8937 47.5631 46.8904 42.3023 19.7492 32.8039
1
7.80239 7.46698 3.70045 4.49109 3.43775 5.36255 8.43231 9.19313 7.88534 2.79326 7.79713 2.95993 6.75143 3.86167 6.58827 9.22282 9.0625 4.61133 7.81132 7.98533 6.43095 2.75568 6.18896 6.97322 6.87562 4.8507 7.52371 2.68144 4.20341 6.31776 3.82488 3.72434 9.85811 9.72275 4.10591 2.89532 4.14275 4.71783 6.75835 2.34222 9.72185 3.05203 9.40878 6.26473 4.30956 8.05697 2.16492 9.53992 7.45021 8.01385 4.15703 4.68232 6.29728 4.80813 5.28114 7.54471 3.29729 3.27802 5.05003 8.1659 6.68457 8.66304 6.45847 3.17164 2.69347 9.55897 8.76887 4.13513 6.39396 5.78537 5.12351 6.30319 2.05715 6.57197 8.88976 8.09436 9.95673 6.47016 6.64443 5.77531 6.51278 4.39575 9.70353 9.72169 2.68407 5.20949 2.10369 2.66965 3.51514 9.24124 8.9415 2.36441 5.74446 5.16442 6.97699 9.01202 8.37982 7.62667 9.40757 3.94057
3
16.6292 10.8442 28.8732 17.0676 9.11897 16.2611 7.2988 26.8603 21.9324 10.4017 10.7042 28.8595 22.6024 12.853 7.60413 6.03296 25.2242 12.6642 9.33353 23.8842 25.4877 9.32837 22.5934 18.772 17.0737 27.1519 14.7837 7.79055 13.7587 28.856 11.4669 25.0536 7.57287 20.254 19.3048 7.22565 15.3529 19.8479 25.8143 25.1448 12.035 29.1882 21.2838 16.3807 11.0319 25.8407 18.1956 27.5709 6.03606 6.80407 25.497 13.3804 22.5949 20.2214 13.065 20.9267 29.8002 9.23056 27.7066 10.516 20.436 17.7961 28.0402 9.53172 21.9292 18.3667 19.6008 6.32226 22.4453 19.2029 21.5135 28.9287 18.4752 11.2166 26.0779 19.4983 12.254 16.1689 22.6085 9.22641 9.35793 24.0676 18.8738 24.6715 24.8225 21.6099 23.4787 26.2858 16.1246 7.51261 6.53337 18.0063 27.3735 16.5749 29.9519 16.75 19.0544 12.3162 24.726 8.65561
2
4.59763 13.6545 12.4364 15.4268 19.5138 15.3433 17.4763 9.11914 8.90962 8.57145 13.5079 19.1781 13.2145 8.76957 13.8634 17.1053 17.9223 8.41644 18.5222 11.8221 19.0312 7.8574 19.0137 15.1775 14.4885 5.83054 17.9826 6.32109 7.9529 17.0134 15.7262 4.2516 19.187 11.9026 16.0197 9.85565 19.3915 14.3394 11.538 14.7478 17.7946 19.9922 9.19082 6.22507 17.8091 11.1112 15.6796 13.6479 13.0689 10.8645 19.5917 5.5609 5.65812 12.5706 10.3429 10.8647 16.8451 7.13854 14.2809 9.3528 16.6338 16.0288 4.26233 4.92435 6.44465 9.04695 7.01651 10.7869 13.2388 6.28314 16.6072 15.9607 13.396 11.5091 14.3056 6.39682 16.6609 4.34629 15.1876 6.02275 16.4687 14.5163 17.766 11.0267 12.9632 17.4875 8.97259 14.6941 15.0197 18.8293 4.80051 4.10757 11.5857 10.5867 14.9206 6.02496 18.6513 14.9887 15.5839 7.24526
3
8.33466 20.4678 6.132 8.61888 27.626 11.8222 29.9071 6.93937 13.7286 12.007 28.572 28.6431 20.6964 19.8179 19.2799 23.1358 24.0312 7.42836 22.6753 28.8525 12.4892 7.83973 6.58821 22.1383 28.9355 9.84068 18.0727 23.685 16.3406 10.0696 26.8848 23.1173 27.0128 25.7737 17.4931 8.32381 15.1606 21.8589 8.71563 8.12381 22.8775 23.8235 22.077 14.8666 15.645 22.1707 25.9798 19.5549 21.4456 23.8916 8.78311 14.0875 9.58067 12.6154 27.8833 13.2134 7.28687 17.0174 15.8893 10.7934 22.2444 13.0808 18.987 6.96034 17.0711 15.8051 12.5869 8.77398 19.8962 25.955 29.3475 8.96246 29.1076 7.44363 20.6692 25.3455 24.3659 28.9438 6.75253 25.5323 17.9793 13.321 20.3133 23.4881 14.7335 8.4817 27.0499 16.5628 18.2694 27.2316 11.9557 13.5768 12.1033 21.7362 18.5699 26.5552 17.3827 12.1784 6.26189 24.7071
1
4.78207 6.31678 9.70566 8.45518 6.78698 3.65779 2.17845 5.25096 3.88308 4.86965 8.57412 5.25443 6.23155 5.29744 3.82881 2.46563 9.9053 8.95575 5.71112 4.41271 3.71256 5.76889 8.59814 7.73903 9.52677 3.73152 5.21087 4.41383 7.52918 9.89594 8.71538 5.47271 7.77015 8.09225 5.596 7.1941 3.4557 7.28773 3.70666 2.61804 7.36528 4.49161 5.90672 7.3135 6.80721 4.11145 5.68756 6.30044 2.51797 5.66752 7.1961 3.03302 2.91152 9.77126 2.06158 9.34992 7.08507 6.27421 5.43176 9.29837 3.98733 6.49355 7.62489 3.73783 9.15574 7.42057 3.80366 4.62982 2.42865 9.81833 2.07731 9.91991 8.03901 6.11469 8.43828 7.91837 8.4955 7.997 4.93955 6.08552 9.65761 9.61474 3.51893 9.12814 8.4108 8.29626 3.87667 9.31318 8.34796 6.686 5.81239 5.90498 6.86356 2.20832 4.42787 8.63232 7.06652 3.76424 2.60175 6.09143
2
5.45674 5.40027 11.441 9.98093 13.1196 10.1113 11.9887 13.8821 16.0297 12.6979 17.6195 12.7383 15.9221 15.0055 10.4453 19.651 7.58693 9.66271 17.6371 8.88762 15.8406 5.75154 9.76801 18.9319 8.38105 14.6281 9.82115 6.96457 11.0891 19.4543 5.42508 8.33739 4.33868 4.00475 12.8794 6.6029 14.8783 8.31006 5.53275 11.6622 5.84624 6.69958 15.076 15.5936 19.4823 15.8063 14.3129 11.7239 7.09804 12.0962 9.97064 10.5064 16.8683 10.4839 10.1131 5.76552 6.00691 19.5987 14.7194 8.87385 19.8881 9.26154 5.98911 16.4208 12.6774 13.7373 14.9387 4.9381 12.0329 18.3232 8.84972 18.2424 6.44132 16.8373 4.1319 16.9597 9.74971 7.568 13.1646 11.7918 9.45605 19.2494 13.6774 14.0894 5.32128 6.6219 5.23397 13.2924 12.865 19.1437 13.3804 18.8019 6.30762 10.4129 18.0215 15.8447 19.521 19.8653 10.5867 8.89313
