100 100
305 138.485
305 218.342
305 203.524
305 204.312
305 209.148
305 172.838
305 231.397
305 209.115
305 75.2992
305 169.161
305 218.97
305 201.053
305 133.194
305 109.952
305 164.611
305 195.491
305 227.884
305 172.339
305 205.667
305 105.354
305 135.063
305 72.9565
305 200.317
305 277.86
305 162.635
305 198.142
305 226.859
305 162.766
305 166.723
305 247.89
305 185.022
305 208.332
305 198.805
305 185.498
305 172.171
305 157.653
305 65.6728
305 79.8396
305 169.953
305 183.148
305 185.098
305 165.012
305 104.451
305 239.582
305 180.08
305 150.998
305 226.644
305 138.321
305 195.589
305 147.986
305 165.733
305 220.81
305 148.62
305 179.594
305 134.01
305 233.124
305 150.673
305 197.127
305 278.764
305 70.3485
305 233.076
305 270.684
305 178.919
305 114.58
305 107.853
305 163.701
305 224.048
305 193.332
305 193.342
305 179.456
305 300.0
305 196.149
305 134.671
305 213.686
305 199.421
305 179.002
305 212.407
305 263.302
305 165.745
305 154.32
305 229.212
305 104.426
305 52.6525
305 116.706
305 205.032
305 232.347
305 50.0
305 146.278
305 171.218
305 81.6036
305 251.054
305 176.417
305 170.847
305 225.936
305 68.1251
305 131.564
305 97.7878
305 163.32
305 175.063
305 183.633
2
15.1192 12.7563 16.4773 8.61181 14.0786 11.6844 5.9116 12.2405 16.9012 12.8208 7.37818 17.5966 13.0588 11.812 8.79887 18.115 7.08864 12.5328 15.4601 17.3025 12.6794 12.7177 13.801 17.6089 10.864 10.0249 11.2134 16.1382 13.131 14.3486 14.6679 19.0143 6.26756 8.19071 6.97738 10.2121 7.74632 8.90416 15.5101 6.66651 16.4689 6.62126 4.16625 15.4726 15.6782 19.6789 11.4295 16.9894 12.8519 17.3533 17.3061 5.6589 9.39058 7.71706 17.9641 12.3537 4.91137 16.4304 6.88539 4.06555 16.9615 6.27999 13.3433 8.74702 4.96248 15.2766 17.0172 17.1191 7.19887 11.1258 9.55774 17.2571 19.663 19.8822 13.9147 9.76719 13.5689 18.6016 4.23995 15.3668 12.3476 13.8024 9.17836 10.6802 8.93641 11.5487 13.3585 4.06265 4.17474 4.96852 11.8965 19.2655 19.1185 13.0191 16.7244 14.7545 18.0865 16.3113 9.55731 10.494
2
5.24384 11.8823 5.86618 7.6691 17.3606 9.85719 17.0479 15.8165 8.39433 15.6256 15.5026 19.8665 6.86855 15.2833 6.9465 11.6063 4.70884 9.73162 7.52288 16.8418 12.3113 5.93744 14.102 5.64621 4.71363 15.0617 15.4642 7.75857 19.431 15.0184 18.9294 8.69378 14.5201 15.0264 6.99522 6.12744 11.4321 11.7177 14.5471 18.1173 11.2197 14.3631 9.20113 14.7245 8.65762 16.7787 13.3442 4.5959 16.8417 5.47624 14.4322 16.0721 18.8278 17.6179 14.1098 4.38131 6.87297 10.3405 10.7142 8.48284 17.8418 11.0094 17.7247 5.12298 13.3405 13.9659 16.7216 15.6648 17.1408 5.33095 19.416 17.2551 14.4565 5.42564 17.3133 13.8906 17.635 6.3737 17.5738 18.9463 18.8261 6.44638 15.6308 8.72798 18.1917 10.7133 15.1309 6.61188 16.217 15.5613 17.7584 13.3335 6.68729 14.6441 5.50445 14.9886 10.8922 19.8251 5.94698 16.3084
4
16.0626 38.2384 27.4503 14.8681 10.2216 39.2925 28.4293 17.6241 10.3311 34.1639 34.0245 20.7519 33.1899 21.3179 18.9152 32.8097 17.232 9.83088 38.6498 39.4782 13.63 37.0241 18.5987 14.2456 8.75318 14.3576 18.5731 38.6659 20.6036 38.2086 35.7348 36.8144 31.8559 18.1597 16.4221 12.5646 34.1252 11.422 19.5167 22.3134 18.0892 36.0176 33.9763 19.778 8.08833 31.3476 17.1588 37.4902 23.8294 34.7689 24.562 25.6129 19.8179 10.8066 21.6046 20.704 21.1439 25.6257 32.0731 13.0525 10.2464 27.3877 37.8599 9.21188 23.2809 37.117 12.6168 26.3555 26.716 26.7021 31.9505 19.0797 16.7832 16.6563 26.7834 35.2789 24.4053 38.2635 34.5055 9.71822 36.228 28.7336 18.5427 19.9277 10.3808 23.9927 30.9653 13.0446 13.5905 29.7331 28.7637 36.2275 34.274 15.3478 38.4142 27.268 26.2339 35.3754 27.3609 22.0241
5
23.6619 35.2372 17.8873 17.9428 48.482 20.3022 49.7415 24.83 28.0862 15.3948 24.5884 29.0242 10.6417 39.3635 22.5539 26.4954 44.01 46.6176 29.7673 35.116 29.6053 17.8572 18.4711 48.067 46.9209 49.9461 15.3767 35.217 26.3774 25.0844 40.9202 17.6274 18.1506 49.4365 12.0753 10.3417 34.6338 21.3707 31.3805 38.6149 14.1927 19.4673 14.8343 42.7394 23.867 10.4504 21.3183 16.622 28.6768 27.2009 16.2005 15.2713 45.1885 17.0062 11.7782 36.3491 26.9981 10.2024 17.2153 30.9427 39.7865 29.3666 40.63 28.7157 13.6043 49.2141 35.9904 12.5916 10.0412 47.3579 17.4726 28.1272 31.9379 36.0861 13.9393 22.7336 13.2949 15.3136 26.1936 39.8975 37.0354 36.8642 39.6654 43.5634 38.2791 20.2397 35.1856 17.8289 20.7818 10.0325 30.5058 37.1123 24.1981 15.1363 35.2182 11.9473 49.8229 19.9137 11.7324 25.5614
3
25.3718 11.7441 19.8811 29.5361 16.2359 13.3447 18.5589 17.4242 29.3486 14.6099 24.8427 17.0978 23.3718 29.9198 8.00209 8.15854 19.6951 29.7523 29.8933 22.2925 15.8679 26.5241 22.3471 21.3116 10.8718 22.6382 22.005 22.7619 12.9513 10.9562 28.3232 6.31557 26.72 7.91558 24.4628 28.1666 22.2641 9.50889 10.7842 16.6492 14.9594 6.34498 26.667 24.2963 6.72078 8.01033 22.37 13.5584 25.4051 8.94951 24.6546 11.4002 25.0834 26.0834 13.887 9.99529 15.9028 8.38386 16.3393 28.7356 6.25688 24.624 9.40829 14.7765 17.9825 13.5219 11.4702 9.3348 9.30231 18.498 14.0908 28.9593 26.2317 11.2631 20.309 28.9917 21.169 22.4572 26.7129 10.4377 7.3869 7.55759 9.02686 25.4663 24.1455 10.2738 24.9294 10.7563 17.1436 15.6503 25.8187 7.90845 9.02914 19.0934 7.24651 16.1431 28.6857 27.5432 29.7375 24.5
1
2.82809 3.73997 7.93493 6.98728 3.74812 5.20504 5.47476 6.89324 2.10485 4.11525 9.03095 2.35842 5.09659 9.37449 8.13062 2.49812 5.46939 4.51212 8.66458 2.94825 8.51919 2.78294 3.79012 7.80731 4.34053 5.52149 7.22096 4.22333 4.1031 7.03199 4.68573 9.90717 5.13742 7.29521 9.3361 3.85327 7.61076 3.7735 8.88591 8.54918 7.57475 7.59513 2.26242 9.95515 5.1657 3.39937 5.55119 3.53493 4.73913 6.12342 5.01543 8.61915 9.71954 2.01245 4.97156 7.38242 8.94679 3.13414 8.30174 6.71546 9.30033 6.67874 9.38505 7.27353 3.38246 4.32609 9.22825 9.98235 3.04203 4.96082 8.57758 8.2828 7.51956 4.01685 8.7927 4.39562 8.99536 2.73261 4.2641 9.88744 4.3216 6.59811 8.1553 8.81922 7.7198 6.27523 3.25089 7.75858 5.22487 2.27226 7.69182 2.93709 9.65692 8.65426 7.37919 8.8338 8.90232 5.07017 4.82771 6.46636
5
25.4339 34.2258 43.9958 33.6825 23.4428 20.7487 28.7824 19.018 27.8103 31.8807 40.6271 43.1187 41.5589 26.0853 21.3583 44.9111 30.2592 12.0021 21.4033 33.162 19.3503 44.995 29.8311 28.8134 24.598 31.0944 39.1707 12.603 31.4713 26.6156 25.7907 31.2511 49.2182 11.7354 16.6177 25.4966 35.4231 46.3072 22.977 33.2616 16.8259 46.1956 32.3359 31.2267 22.1847 28.413 18.7314 48.099 12.9635 43.3384 22.6622 32.852 47.6252 22.3 41.2292 11.2208 45.3128 18.8027 39.3017 33.7329 44.6977 11.6819 42.494 28.5554 23.7791 48.4652 42.7323 42.4407 36.4136 37.2224 17.1924 43.0515 31.3569 25.1856 11.3909 25.9465 49.5994 12.4208 47.2105 19.5082 25.7763 38.8317 26.64 31.0929 29.4335 12.7776 12.0118 27.6866 31.9311 39.5863 33.5163 14.3454 14.765 18.2427 24.776 43.7029 45.0883 44.5358 17.2599 39.8265
3
26.5556 8.29124 21.8329 21.3468 7.61749 22.55 20.8965 18.9734 19.7461 15.5357 17.4164 15.1343 9.48396 22.3185 22.8678 11.3403 17.775 29.0675 12.666 21.6441 14.1051 24.9277 21.8817 10.6363 25.0652 20.7824 18.6763 20.3719 29.4325 24.4935 14.5511 22.8227 9.86114 16.2132 12.5047 24.447 29.2787 21.3615 24.1908 19.4733 14.0803 24.863 9.17252 18.4885 12.2154 28.2365 27.3646 24.9274 20.2598 29.1315 13.759 6.05521 15.5675 20.9056 6.52665 7.03706 19.596 19.8353 9.58965 10.6896 24.4988 13.5558 20.757 15.507 29.078 18.3219 18.5185 18.5551 28.1929 6.68464 18.59 27.8293 21.7151 25.1775 29.3036 18.6671 19.1274 11.6049 28.9371 18.8116 21.8575 27.5285 22.0764 8.71822 19.4416 19.5429 22.1033 25.6988 17.6115 28.9368 28.9052 26.4969 26.3984 23.3308 28.897 28.8883 14.348 17.8887 26.4521 26.8997
4
22.0507 37.638 28.7908 22.9293 14.3799 35.9521 24.1313 17.9052 34.9633 29.5826 34.8466 15.343 35.0588 11.2411 9.42842 11.0804 37.1615 37.0581 21.2458 35.5775 38.8373 33.7077 29.4382 27.6801 37.0816 11.7145 26.1464 33.3758 26.8286 36.5668 27.7062 37.1704 27.2358 21.2608 15.4302 21.7073 37.3688 19.9031 35.6019 27.2574 22.9121 13.993 36.3087 22.7017 11.5294 15.0123 18.7369 15.6344 30.4998 34.9474 32.5549 37.2091 12.2548 28.3664 33.0096 29.3544 25.4395 13.6794 9.35973 21.9842 13.1256 13.2045 34.2736 35.8265 19.7984 35.6662 19.8131 18.4962 8.7457 12.7493 29.632 33.4383 11.4705 25.3357 21.0109 33.3632 14.7554 11.047 10.3562 29.8031 23.0016 8.71928 31.7861 38.4115 37.4688 19.4339 34.4298 19.6318 22.0398 11.7305 32.0651 10.3607 29.1366 30.6266 26.7177 10.23 27.4106 26.0684 35.8496 26.1331
1
7.2918 7.9362 6.46822 5.90984 3.36028 2.65881 4.86038 4.81741 2.90005 4.63385 7.48425 2.99183 7.90578 9.94621 4.54416 8.68115 9.22392 2.49466 9.92742 8.35852 7.72778 6.79789 8.12761 6.28053 5.55961 3.00033 2.62561 9.88581 2.72067 3.85892 2.00924 5.81528 4.29087 3.49207 6.11299 5.33512 5.55888 5.6721 8.45899 7.94398 4.34429 5.44237 9.28057 5.94538 3.79282 7.84036 3.40946 2.76675 2.92594 9.50798 5.30816 3.80633 6.22613 6.97032 7.52845 4.58911 5.53909 9.36412 2.8775 3.01309 9.57404 3.39718 2.5727 8.46719 6.28339 4.31999 8.66658 6.60191 9.40315 8.6908 5.0229 8.53413 6.43512 2.71544 9.12535 3.26722 3.35233 5.94305 4.99996 2.10774 3.30879 4.09903 3.53256 5.85996 6.63494 2.83644 6.46251 7.57946 9.39996 4.18717 4.33392 9.66708 3.82225 5.49395 4.68568 4.08445 9.8093 2.60468 8.76147 2.47233
1
2.40673 5.38224 9.12305 3.55969 4.77459 6.83562 3.4881 7.25508 4.17076 5.70074 6.17605 8.69913 9.00746 2.86997 9.53033 4.41435 3.32558 9.82657 7.23365 8.0536 3.80054 9.6149 9.25253 8.73487 8.78949 8.32875 6.40141 8.72223 5.0764 5.27399 7.18267 5.60922 7.97106 7.96176 7.55871 2.16089 8.41841 4.08849 4.31255 8.97088 6.77429 4.659 4.65288 7.08959 2.90401 2.40888 2.72014 7.77983 6.25992 3.68245 7.64965 4.55622 3.59418 5.92258 9.84814 6.66439 7.96311 2.92852 6.13989 9.15655 2.67924 6.03805 6.43878 4.71933 3.86733 7.39027 2.60246 8.41044 3.28079 5.42507 2.12489 4.4602 3.03442 6.7758 7.32349 6.29429 3.91004 8.71121 6.67723 6.93392 2.89103 8.28291 6.97177 6.92976 9.58222 6.3347 8.90805 4.98566 5.1712 8.52997 6.83044 6.42877 9.58742 3.55339 7.23087 2.6819 8.51529 4.64315 6.68494 4.89471
1
7.22822 2.70143 2.03415 4.07257 6.24436 6.92767 9.38887 9.68214 3.15603 5.58469 7.44456 4.62119 8.11644 2.51307 2.55242 6.82222 7.99471 8.18198 2.79445 6.93211 6.06397 7.94285 8.86711 7.17148 9.96339 4.5023 5.25457 4.67894 8.46543 3.64553 9.22268 5.37143 3.57947 6.24145 5.16513 4.35199 6.52314 7.56078 9.83273 6.89603 4.09254 6.93846 3.97745 6.0476 7.9627 8.81146 3.94203 2.85663 5.4494 6.16339 4.72687 5.28867 8.26372 3.40706 8.06503 7.83815 5.79045 9.7363 7.0369 3.87652 7.42175 7.97826 8.75564 4.76652 8.47721 9.97748 2.65462 9.77386 4.24154 7.54286 7.90827 8.80737 2.65125 5.98898 7.51733 6.01918 4.16147 9.30283 2.59007 6.29591 7.3242 3.96732 6.35043 4.67226 4.60926 6.47274 7.4045 4.6982 6.99913 9.54751 5.7966 5.79101 9.88897 8.13935 3.38608 5.60349 6.8231 8.17827 8.0762 9.43947
2
6.93445 8.10431 9.43878 10.4002 11.6522 12.0963 6.06604 6.89501 9.99753 9.52311 11.2801 7.91632 4.50429 17.1513 8.75389 10.4828 18.2327 12.5466 16.1336 11.994 15.5524 17.5224 11.2028 14.4748 4.14176 18.8816 18.669 16.0189 18.0147 7.26632 19.3853 8.24549 5.38933 18.925 19.818 18.5819 17.2089 5.21177 15.5745 16.1824 8.12932 14.6299 18.8036 16.2987 5.78483 8.23089 19.2795 17.9119 16.1442 9.18365 8.98343 5.4406 12.7704 11.324 11.9946 9.33628 9.79655 19.4988 17.5034 16.3787 14.4292 6.51638 5.75953 4.48441 10.7934 7.5159 4.76593 12.8401 18.9307 16.568 7.53386 18.1738 4.76283 10.3197 15.709 15.9765 12.8337 11.4953 15.3824 5.48605 17.6429 13.0669 14.8989 13.2463 17.3813 19.9057 6.47411 6.05422 17.8837 4.72738 5.43482 12.1073 6.60887 11.1445 4.89278 5.16311 4.46113 16.637 7.66625 6.52433
5
31.2898 39.2796 40.4288 38.7459 23.7425 31.8635 33.0563 14.3845 43.7665 33.1764 26.0825 23.2456 29.607 38.8407 17.8255 28.0414 42.5579 14.3398 13.1463 14.0732 31.1337 35.1675 28.4131 30.5048 25.3025 38.3267 34.7299 12.4393 39.6865 26.586 43.3352 30.2056 14.6359 16.8972 27.0778 22.2599 14.0829 34.3831 21.875 38.1098 29.0809 23.2994 42.0605 27.6668 25.9372 36.3782 13.5274 23.4323 47.8433 33.9597 18.5726 11.9253 28.9102 34.3167 36.3498 40.7571 29.5148 46.5802 12.8362 37.7578 11.8639 27.6703 24.2195 28.5644 44.6811 34.6412 27.6117 49.0729 35.924 33.8432 22.9964 19.1632 22.4371 38.3114 20.3139 14.1021 15.4475 14.7847 15.5932 20.0305 10.8083 11.763 30.0346 29.9417 22.8974 10.0079 35.9508 26.5564 11.0774 46.8938 43.472 48.5012 17.6224 16.0149 31.9209 26.196 46.0187 33.4554 19.7654 43.8581
5
26.9537 36.7604 23.2137 26.3043 13.156 32.3853 22.4165 49.3859 33.0328 39.263 42.9647 19.3486 19.8903 41.327 42.6618 23.4667 12.7521 15.2528 33.217 16.8872 14.1449 25.6934 31.2596 17.2852 38.2875 11.4248 33.8975 20.8208 30.4635 15.6838 44.5996 17.6779 28.359 23.9788 25.1849 15.467 26.1479 22.6555 19.6978 28.7737 12.1037 21.4969 25.953 43.1322 20.5218 33.6421 40.5295 11.7075 48.7306 16.1015 32.9955 32.9657 19.9757 24.1525 15.1457 27.6144 22.956 42.8953 21.0321 43.0948 28.7938 49.251 23.5694 43.9054 16.2211 27.6824 23.4962 16.0407 45.7612 32.9193 36.4737 23.824 33.6897 42.97 34.1029 27.4165 26.553 35.6988 24.641 39.2847 27.0283 12.2523 29.1993 47.9055 31.9046 20.615 39.2034 26.9923 32.9665 42.575 10.8957 38.5215 21.5627 17.3827 42.6645 47.8423 47.639 45.3813 10.9774 39.1498
1
6.02549 6.85967 2.58886 4.72885 7.54193 2.76941 8.35029 4.52813 3.39073 6.47161 3.70154 8.99036 7.42584 8.00716 4.61628 8.33065 5.07714 4.02795 5.17758 7.47262 9.07776 9.35733 7.56726 8.84347 9.72312 6.1525 2.85249 3.28675 4.69296 4.20041 8.60103 7.62392 7.46759 3.878 7.35633 5.39628 7.36967 7.3084 8.00376 9.31815 8.26268 9.24407 6.05918 9.97284 2.93744 5.20833 4.91115 9.28249 6.21777 8.42636 6.04797 3.28311 7.81677 5.07706 6.30089 4.73604 3.9747 3.39692 2.13459 6.10707 4.90997 6.16726 3.01636 9.4445 5.11428 2.11589 9.89511 3.68741 9.52328 9.76473 4.8215 3.93527 2.59402 9.25435 7.7404 5.21031 5.32025 7.67691 2.48704 9.24377 7.21715 5.44854 8.01792 4.81734 2.30635 9.25265 4.90792 8.19102 8.13284 7.08519 5.14475 8.14869 4.84482 6.93325 3.25197 6.19252 5.36772 2.61822 4.77195 8.41767
3
22.9332 9.49473 13.1213 15.708 8.18596 7.09399 15.4925 6.11522 25.18 9.05042 22.3956 24.9282 25.4034 11.378 24.1965 27.5863 29.8004 19.9783 9.75509 17.4224 8.32182 27.6868 22.7637 19.5552 13.6041 13.4404 7.07174 23.5115 17.9955 20.2838 9.21769 14.2964 13.1481 14.9341 16.3862 25.6316 25.3946 29.6223 10.0091 11.0804 18.1286 12.9302 29.2296 6.77642 18.407 22.3423 20.4473 9.47716 18.9929 29.2299 23.1644 7.65952 29.0589 28.9879 24.3502 9.37666 28.7684 27.0414 19.5439 12.5949 20.9539 29.4423 8.91357 13.7291 19.1116 28.7738 22.4906 12.0962 8.93072 6.08176 10.7983 22.0038 22.5755 23.5513 19.093 14.195 14.9405 8.64853 13.437 26.3662 29.0955 12.4446 28.8216 16.4776 16.1417 26.8423 19.5592 22.5748 24.6943 11.4225 22.1634 22.8407 17.2145 18.6307 22.9351 23.5957 16.4054 24.0212 8.47485 20.9657
5
44.4632 44.4502 43.5678 26.7234 26.7286 41.7411 22.8319 12.8499 20.5185 42.1997 17.7414 46.6193 47.1844 26.8252 46.4809 12.046 21.2694 11.868 39.4759 48.0895 36.8154 11.5918 46.3548 12.7165 49.0818 28.3625 17.7766 34.9929 13.0834 13.97 28.5309 24.1117 30.3536 36.089 18.3152 14.2635 25.3386 13.7854 16.598 34.2554 42.8298 35.9742 27.9717 40.7846 27.8392 46.7355 44.4023 24.2732 39.3253 11.3945 20.7834 46.1698 19.1757 47.2721 20.1985 16.6255 47.8519 13.0117 25.2995 31.4491 28.1029 20.3895 42.2076 17.248 28.1539 22.5138 13.3416 43.6624 45.7768 42.3192 25.5815 31.5972 44.6479 15.2633 30.1718 36.3588 44.3991 30.1306 20.773 14.6033 15.7701 41.8509 26.0653 34.0016 22.2664 20.238 43.3125 14.5285 19.7296 28.5555 49.2908 20.2807 15.2273 15.8144 34.9908 10.7322 16.6675 36.7111 20.4963 10.3303
3
20.5065 29.6226 10.3288 9.32289 11.8713 26.2473 8.82283 19.6969 14.2721 13.67 22.4218 14.4723 10.0659 15.276 6.42161 19.8729 23.1461 21.9785 13.3634 12.3134 25.2663 21.3074 20.3529 12.635 6.59748 9.91078 16.8484 29.7405 26.4887 16.9391 15.8855 16.0953 18.3984 27.7804 17.7077 27.5634 16.9664 15.6153 8.77167 18.0489 17.1944 6.26097 13.0956 25.409 25.7043 11.7715 26.9194 23.1099 6.04319 10.2654 9.64608 14.0924 26.0025 11.4472 14.0323 13.317 8.92235 13.2929 16.5972 27.4567 8.94753 21.3679 23.2188 26.207 16.2054 20.2454 22.885 25.6809 7.87355 8.49554 16.5703 26.3581 7.10688 22.7122 18.2052 10.0575 13.7917 10.0479 26.7075 14.4009 13.0965 14.724 22.0448 21.2378 9.78813 21.9865 20.2959 25.4988 18.2813 8.97493 12.6814 8.9471 16.3912 13.9735 27.53 29.297 20.7573 17.5139 8.15198 17.1676
5
20.8818 18.4943 31.48 25.0327 43.8484 21.1916 45.3036 28.664 21.4516 15.8172 13.5761 13.5606 48.6836 24.9193 18.6892 34.9752 10.8932 29.1258 18.8129 30.1509 30.5962 48.3645 41.6603 24.1716 48.8596 48.6335 35.4046 15.1909 28.9142 24.4766 29.4015 14.1937 39.6524 17.3211 27.3765 44.4484 46.6678 39.8327 25.7312 35.8047 48.4924 46.446 39.6248 38.9944 45.6879 20.2245 29.4896 35.0908 20.4469 16.2078 30.6325 25.2826 34.3613 11.4021 38.5831 16.1195 42.0127 21.5696 12.8417 45.385 28.0423 34.9735 11.6845 43.753 45.3558 43.2354 40.6825 17.3839 22.12 19.4602 47.5897 46.6179 15.207 23.785 26.2574 45.9195 37.7424 26.5098 42.2306 40.2319 38.4139 48.9636 42.6826 42.895 20.1964 32.2643 43.3445 30.286 16.1495 14.1283 15.0853 38.3364 49.9443 43.8846 42.7995 16.0832 18.776 35.8516 19.2573 41.4099
3
17.5145 16.6323 14.9184 17.7602 20.6095 16.1125 12.1648 27.8585 6.38212 13.4034 14.595 28.9536 19.4542 17.3075 26.4587 10.6522 13.9487 6.44883 9.45247 23.5448 22.211 25.4575 9.37935 15.325 6.83853 22.3287 14.7275 24.4434 16.7369 7.17677 14.8844 6.51581 25.922 14.6007 11.7058 14.7021 15.7862 29.8826 8.1593 21.2775 27.5477 21.2355 27.7591 17.6125 13.6018 10.3204 8.51345 27.7816 18.4929 23.2514 21.1007 13.0191 26.2257 10.3073 18.9952 10.2414 16.6341 20.5679 14.2598 13.8525 11.528 11.6953 18.7254 28.0549 17.3345 25.0773 8.27474 26.8808 16.9547 22.5524 29.9503 21.1656 25.5521 6.9356 25.6048 29.6803 14.9944 22.5626 7.81254 21.6425 21.6647 22.0722 29.7609 23.8246 14.3632 23.6452 20.841 15.4782 17.0155 28.9181 21.6548 8.29265 26.9093 17.7919 14.1597 18.6071 19.1757 6.35258 12.6671 29.0953
4
13.4032 27.4256 12.2377 19.4674 29.0645 31.4819 29.3422 30.5362 35.9596 25.9762 24.4889 32.9809 32.3433 25.5059 29.1304 16.6727 19.2711 16.9407 20.7379 25.6796 25.5464 34.0424 38.4136 24.3182 33.7809 15.2286 32.1782 35.9093 34.6892 25.6025 29.0562 19.3645 28.7468 24.3766 23.0855 12.7271 26.3325 30.8131 28.3761 24.7939 9.48403 13.8072 38.342 27.9413 18.3882 22.2381 26.2324 29.2821 21.7336 25.2124 34.0862 13.2767 38.0496 27.3249 21.2364 36.9253 23.1555 8.06263 15.4868 30.6642 38.8476 10.4755 30.0892 18.0931 9.94653 8.24055 17.6426 35.6564 16.8311 20.2429 12.0432 33.4059 30.584 21.7997 9.60655 13.9673 21.8727 9.6521 12.4894 34.8375 38.6933 9.84854 25.5353 27.1371 16.0992 17.647 29.6689 31.9423 17.0417 26.5588 26.9638 23.3228 11.4474 23.661 36.51 31.2085 36.656 28.2999 24.2043 37.2129
3
27.7069 28.7752 12.6483 21.4861 12.4481 15.1133 10.4442 18.8764 12.6352 21.1587 12.5248 24.9161 20.1444 12.7155 26.3436 25.5796 16.5473 7.80494 23.053 29.6631 23.5533 15.3873 23.939 7.08837 9.55407 14.2379 10.9416 25.0948 27.7366 6.94871 27.7287 8.29151 7.23556 22.0228 27.7938 18.5368 16.7931 15.0306 16.0447 12.6139 26.3941 9.79724 28.3531 9.67152 22.3467 10.5896 27.5331 22.3992 17.2767 14.2708 16.218 23.9043 6.50327 25.3927 25.1032 12.2612 24.2667 7.19354 25.0252 24.6998 27.2758 19.47 9.34462 7.40374 11.0432 8.29333 19.1019 28.8858 26.4791 14.5362 9.41469 10.9098 10.2099 14.1818 13.5864 28.9272 20.0926 25.3811 11.3929 7.99863 9.39242 19.2292 18.0181 22.167 7.0924 17.2286 28.1053 11.2526 17.8047 20.4078 7.39528 15.0379 16.7514 21.0648 10.417 14.8119 13.2837 18.104 28.7028 14.2412
4
17.4923 17.6612 9.97877 35.4687 36.7362 16.4037 16.7009 29.9722 13.6518 10.8865 18.9651 28.0935 31.3546 21.9483 9.549 15.8776 30.8946 26.4088 34.8971 25.972 25.7526 36.4134 15.9457 27.6903 10.0254 13.7477 17.7003 16.1098 16.4262 29.2487 19.6898 10.3266 20.224 29.4358 39.4222 30.9946 33.2474 20.488 28.9679 39.2717 36.0779 15.6916 28.7949 19.3003 12.5582 28.4841 14.9803 10.3455 38.739 17.2176 35.9245 30.7162 34.3912 15.7695 26.6919 35.5949 9.20645 20.1227 9.10386 26.9006 11.8136 9.0417 17.7082 25.3098 21.7333 36.9702 27.7514 38.5607 32.3976 25.2733 9.27643 8.16532 37.3591 37.951 15.4744 12.6558 23.8144 11.9475 29.4112 21.4878 21.5671 32.181 37.2577 37.7274 39.5547 9.41882 36.1459 35.6468 18.0661 27.1242 12.7772 35.3524 28.7725 39.3977 32.9083 24.5716 34.6983 10.1403 13.838 21.7226
3
15.3762 18.4555 12.3458 8.12318 11.3619 11.5122 14.0872 26.3105 16.8532 25.6209 13.4278 24.8577 13.6061 28.9096 8.99662 7.37869 12.6803 20.8784 12.4754 6.30879 12.3441 19.7032 21.0331 11.6715 9.34383 24.6453 17.4836 21.0595 7.75342 25.2838 29.3827 9.54916 23.6251 15.2913 20.2867 8.26645 17.659 22.4701 16.3878 6.32364 6.11007 28.769 13.7477 20.8454 6.15219 19.9984 9.34637 13.803 29.9172 26.963 25.1661 12.3752 11.4282 25.7311 24.5286 27.5549 12.6451 26.7582 9.90446 19.7204 28.8426 16.5849 21.4134 21.8889 15.5376 21.8268 25.2343 9.37313 21.1864 19.1763 23.1434 22.5573 27.869 21.1336 24.3999 23.5132 20.1803 25.187 7.1978 29.1745 16.5467 24.1606 26.9015 13.7872 19.1867 17.4477 10.2856 15.3562 12.9337 16.85 28.9968 22.8063 29.1415 22.7402 27.4562 18.5759 8.88897 24.2663 26.4217 29.3628
2
8.50422 10.4916 16.5145 6.37037 4.47207 16.6108 17.876 15.5239 14.8814 8.2441 6.56828 18.2119 8.93099 17.9346 13.4281 5.37537 15.0742 8.70744 13.6943 11.0647 17.1045 16.3073 8.62045 6.71359 11.4375 5.89918 5.06661 15.1559 12.1513 14.7922 17.6298 9.94851 18.3491 4.75158 13.8777 17.5619 10.404 19.4592 15.2473 12.0018 13.6518 14.6863 10.1708 11.4237 16.0916 12.7408 11.9919 6.30335 10.6577 4.75139 6.23464 8.72496 4.62572 4.35081 15.7868 4.35052 18.7148 4.32141 4.56153 8.63204 6.44853 7.76493 16.1983 16.8295 12.3371 5.35923 4.36693 9.39703 11.4434 14.2644 15.2366 18.2996 12.8955 10.2409 10.6722 7.82301 5.90788 4.54202 16.7204 15.4396 18.8733 9.14305 5.94939 10.2919 6.08974 5.87039 14.2023 18.8571 16.6823 6.99211 4.3291 15.3547 16.2847 10.8331 17.4581 6.45985 16.0422 11.977 4.37021 7.88457
1
9.20211 9.31083 5.98052 2.73699 8.75139 8.99486 9.1547 4.23971 6.97089 5.03371 8.34736 9.6008 7.9522 9.15296 7.22818 2.63664 8.58405 3.53733 6.27464 7.91931 4.88474 6.6666 3.7463 3.93022 2.28234 8.07599 7.18492 2.96614 5.49889 2.19695 4.0968 4.95393 5.69484 9.43486 2.4734 6.33024 8.53001 6.63976 5.80667 7.14234 4.79727 3.12644 5.25521 9.52646 3.28526 4.40001 9.6176 2.7198 7.5264 7.74339 7.76903 3.76243 4.08626 7.82279 8.21768 9.04546 8.05089 8.46755 6.43685 9.8616 5.36794 6.78051 4.62932 3.11445 9.69823 5.73524 2.58003 2.34266 5.43367 9.41628 8.25344 8.21538 6.53803 5.05876 6.79168 3.65506 6.86666 2.04354 4.56994 8.74403 7.6215 8.0042 2.96516 8.57092 5.59756 8.20203 6.49436 9.17336 3.87721 8.32546 3.97891 6.73308 4.62837 2.8699 7.39082 9.17969 9.66309 5.25454 3.03753 3.35946
2
11.7927 11.8037 6.64794 17.9952 11.7034 16.826 6.57777 12.2314 7.1393 10.6088 5.21197 15.5477 15.0199 13.602 15.8551 8.9085 11.2198 17.4733 7.95745 17.4616 6.65698 9.8439 14.8751 14.2656 15.4912 16.0238 15.7725 15.5497 16.4951 11.8116 14.7285 15.5682 12.6616 13.4191 8.10918 5.11212 10.1075 14.586 15.2696 17.7409 13.3393 4.94402 15.6477 7.79587 9.94034 19.6952 7.31147 8.25881 17.7441 14.6664 6.02366 12.5175 15.5554 4.80174 15.8847 4.10108 14.4813 12.1563 6.61779 18.4478 18.9355 13.4535 16.558 12.767 14.3778 17.2678 8.40764 12.0591 10.8517 4.89671 4.82141 11.3545 15.3817 16.983 10.8823 14.2354 18.294 15.9512 18.5324 15.7017 18.5228 6.31906 8.01965 13.4446 4.96367 18.9486 9.42401 7.58979 6.93764 17.2971 19.3254 16.973 10.8285 11.7327 19.6754 16.0098 7.95486 15.9744 13.9357 4.22337
4
38.1839 27.1464 28.9121 11.8528 16.9452 26.2083 35.3053 27.5692 28.095 27.5517 15.4218 11.3798 25.8723 33.582 25.7346 37.0633 13.0764 35.9892 12.6912 25.3206 24.8311 35.2482 22.5525 9.17837 19.4047 9.33167 9.10049 28.418 11.7118 17.2618 10.8405 18.6552 25.1219 23.1239 37.3222 36.6952 21.1996 26.1686 36.205 19.7876 39.0013 34.6268 32.6926 12.407 15.5535 36.862 28.9616 10.1846 15.1381 35.4865 27.2093 18.614 35.0089 26.0644 35.9453 36.1587 35.1652 34.0283 23.1529 31.3836 15.8066 11.4335 11.9442 23.7382 38.0944 11.1753 10.3344 33.6144 27.8456 8.2939 18.7601 27.305 9.78181 25.9926 14.9671 22.4874 19.9617 15.9934 15.8921 15.8575 8.01877 38.8561 36.1636 10.5401 16.831 17.8847 26.8469 12.8979 39.2478 12.2469 14.0581 36.3676 15.4977 10.9316 25.0727 29.9452 26.9034 17.1693 37.5531 8.94731
4
27.0352 22.6588 18.982 37.3968 30.8117 38.9627 36.6405 36.2146 20.5323 34.1592 23.285 17.2312 17.6382 23.8694 30.2237 29.9766 13.3619 28.1323 15.5871 39.7066 14.567 36.3069 31.8637 11.2678 13.7614 27.18 12.1726 27.7293 18.4098 21.4043 30.3967 8.90773 26.6695 23.3908 30.3029 10.9093 36.6759 37.782 10.7732 15.8146 24.5007 33.6299 30.2722 16.6314 25.9098 25.4039 9.67615 26.6392 17.0446 31.9543 24.5879 34.252 33.1525 34.555 26.2638 28.5236 12.4906 31.1525 18.2764 36.4199 12.5289 35.9439 28.0384 24.9848 13.5769 9.4102 20.3136 9.52261 36.9594 31.9304 35.8387 12.9238 32.8654 18.0996 14.1811 9.25791 24.9968 36.8781 15.9588 24.7592 15.1405 38.6949 31.5461 33.33 22.7886 38.6318 11.3908 27.6861 34.9341 20.8122 25.0676 15.2706 33.1635 21.1202 16.1932 16.0597 17.1748 21.3746 36.327 19.3858
2
17.9429 16.9399 14.5774 16.3159 8.89557 18.4872 11.5815 8.39654 7.48716 19.4691 13.1547 16.0117 9.02976 7.39214 19.6272 9.23588 7.48593 14.7052 9.83163 17.2537 8.43947 7.07765 15.2717 18.8128 19.0398 17.855 18.9205 5.00955 19.2327 18.0033 12.9611 17.721 18.589 6.85603 9.78259 18.9939 19.0456 12.9742 12.543 10.7051 11.8687 18.4341 19.612 11.804 13.1544 15.854 13.2069 16.4517 18.1772 11.4725 14.532 12.3671 14.8997 15.5912 19.7367 14.6939 8.95651 17.6944 19.0031 10.701 16.4233 11.5574 17.0754 18.6274 16.6855 11.6574 9.54499 19.9864 5.71735 6.19796 17.2026 8.63941 6.0852 4.06065 12.7699 19.9528 5.9864 16.9957 10.3245 7.35074 11.6372 14.3645 15.7287 13.5756 17.3216 19.7465 4.37642 15.9692 5.41394 10.7226 16.5697 13.0868 12.6875 7.148 16.8376 11.9565 15.2219 17.2266 15.5099 11.2974
2
11.7487 19.1571 5.05801 16.8558 7.25651 8.94714 14.1854 6.16572 10.5983 6.45648 19.5725 13.2221 19.7842 11.0223 7.76532 15.2887 9.27489 17.882 19.434 12.0883 19.2893 18.9119 8.98471 15.2921 6.73738 12.1333 12.3293 13.8072 7.84179 19.047 6.87476 11.9242 14.5105 16.8594 19.7943 17.3878 10.5227 16.6634 4.64397 4.45283 9.59124 10.635 18.386 8.98789 5.3625 11.3099 18.8818 4.68956 19.4184 10.0008 14.9178 13.4693 5.34111 5.41936 8.82498 11.076 10.9041 17.5649 7.75672 9.0157 12.4513 5.94156 15.6857 9.83269 7.528 15.1678 18.1832 16.8125 11.8241 11.0394 8.0431 11.1707 10.4943 10.1093 7.81337 5.78968 13.9165 5.84684 17.2968 16.5654 19.9507 14.438 10.0843 4.42714 8.76232 7.29014 11.1828 5.09287 4.27035 13.3034 19.8008 11.622 16.285 5.97077 9.35261 10.829 17.3958 10.3704 16.7459 18.6192
1
7.37429 5.5571 8.52431 5.13245 3.21377 5.8616 5.10643 7.55523 5.94875 6.29662 7.25413 2.31011 6.3876 7.47088 8.33942 3.51394 8.82728 6.97673 7.96876 5.13636 2.61692 2.67895 9.55369 9.56527 3.08711 2.53332 9.20031 9.90509 4.25119 5.84124 7.32395 7.91424 7.6847 2.84662 4.39507 7.48808 5.98942 9.58133 8.22279 5.5934 9.24799 4.86543 2.18234 4.56091 4.8756 6.3684 9.79251 7.64185 7.27487 4.6377 9.0495 9.735 3.70022 4.00084 3.92336 5.1904 4.73794 5.24724 2.42327 4.59594 9.80821 6.99614 4.63792 6.45308 4.09545 8.65676 2.15726 7.64808 9.313 7.88705 8.2818 2.62477 4.70861 3.45716 4.42581 3.16535 8.71691 8.42398 2.12057 8.68522 5.66501 8.523 6.02401 2.94836 3.93773 2.68361 9.3429 7.10923 2.00838 8.5743 3.07397 4.9877 8.74164 6.0838 6.47002 6.48309 2.37459 9.64457 8.13744 5.03356
5
40.9402 38.3793 31.8067 13.5736 46.7894 10.3449 49.4422 40.8384 34.6213 41.6006 39.5419 15.3394 37.3003 16.0994 49.3774 18.7599 35.24 45.9924 10.0072 29.29 45.2517 35.4087 43.3584 15.5342 42.4606 11.719 26.8304 23.6062 26.6979 18.1874 11.8266 16.3154 34.7744 11.9198 22.6207 33.3526 30.0412 21.0128 11.9641 11.3798 10.6442 24.8108 39.8393 12.9312 47.8794 31.1783 31.7675 23.0317 16.0536 34.691 43.0753 42.439 25.2588 29.6545 45.5272 16.4149 18.464 21.8561 22.7296 27.9335 44.3337 32.9549 10.7138 34.2308 47.1764 21.4181 10.1031 35.6037 25.4318 13.9086 26.2702 15.3627 20.1009 31.0309 23.8924 39.8472 44.5267 41.3401 32.3097 37.4063 36.9312 27.5227 48.0917 25.2545 47.1152 18.6533 31.2214 43.1065 38.7264 32.434 21.3001 22.4982 18.5028 41.3239 10.1808 30.7002 13.898 46.4626 17.4361 18.1295
2
10.5533 10.9583 14.6325 10.5041 8.93753 14.5967 15.3855 18.9954 19.8863 7.10907 8.30893 7.87237 13.059 17.9351 9.06624 14.5655 15.8091 10.7463 18.3326 15.5209 19.043 4.72546 17.3904 19.8185 18.3807 7.60196 13.1828 7.20129 7.93015 6.75348 8.13765 14.8285 19.9892 12.6882 14.0747 9.06472 19.9859 9.21907 9.50809 14.6176 13.9715 4.64325 15.657 17.3367 9.97654 14.2386 6.47675 8.98616 6.54513 16.3904 12.0226 18.3034 9.7572 8.66 10.4598 8.65636 4.05324 6.10896 8.0309 6.6117 14.1731 4.18999 6.29382 13.7273 15.5214 12.5181 7.94321 9.88008 14.2727 13.8342 8.52691 8.44318 14.5276 10.4731 5.37062 15.6236 9.83383 4.64955 11.0231 6.27411 12.3839 18.8737 14.5341 16.4906 9.2017 10.8092 13.8785 9.30886 10.6314 4.88575 6.83745 5.81177 8.44012 14.9799 7.65076 17.9606 16.8475 8.47455 16.7522 11.4622
1
3.41885 8.01719 4.69331 4.12848 7.18075 6.4972 2.26359 2.69576 6.9679 8.28113 2.46134 6.7192 3.01629 4.99227 9.87602 9.61257 6.09429 4.52245 6.30195 5.3699 9.48646 5.90558 9.25362 9.75566 2.67309 2.5823 5.69238 9.65167 6.23686 6.087 5.4958 9.59208 5.52775 4.18847 5.20095 2.51744 6.61751 9.51537 6.55289 5.77943 8.07493 4.69785 4.38957 9.42719 4.09319 8.05655 4.39436 5.80674 8.50046 5.87012 5.24761 7.50452 3.1851 3.25273 9.70826 2.66657 4.46664 7.67263 3.157 6.72432 2.94379 9.14301 8.13199 3.55842 6.35078 7.11664 5.38857 3.13181 8.95327 8.11517 2.01418 4.62328 9.01497 8.12472 9.12961 8.09275 5.86644 7.78874 5.70799 3.70956 6.10708 6.42946 7.04271 5.57497 6.47173 2.9293 6.39549 7.17019 2.89307 9.50334 8.35589 9.4611 5.29101 6.39409 6.44346 2.69099 7.62049 7.51999 7.48388 8.89255
5
11.7025 35.3759 32.8123 39.3914 39.4212 45.4034 37.8352 40.0585 49.6511 29.1422 17.4467 35.4661 44.0728 42.5476 45.9938 39.9387 11.0029 19.0656 16.7765 17.7031 29.1081 36.7099 17.3015 14.4145 19.0811 42.0449 18.5128 37.855 27.8096 48.1083 27.5313 49.8366 19.5683 33.301 23.4332 41.3375 38.767 18.2793 45.5994 12.9064 18.7844 47.8775 14.1673 12.3623 41.4201 15.094 32.1157 31.8247 21.4953 34.1719 48.5138 16.1019 41.1334 39.8046 12.4666 44.4718 48.2529 19.4984 17.2875 37.8845 43.8018 16.1232 24.4283 33.6184 12.2668 47.6821 46.6995 39.4215 19.9874 21.3317 40.3114 49.1685 35.8064 48.6841 45.2668 12.0652 38.588 19.4219 43.6373 37.4323 26.135 20.2577 15.2543 47.098 30.0362 36.2683 40.3452 17.4322 10.9749 21.6367 28.6475 43.0531 39.0306 36.8312 24.5306 24.2378 13.5038 39.2541 47.6571 30.0665
5
25.4693 28.2305 22.5863 29.0241 34.2829 30.5047 38.3533 39.1859 40.4481 15.9792 46.7303 15.9764 45.5557 45.7127 41.1189 10.5607 19.2307 42.7525 13.8727 49.6326 22.8975 22.092 32.2228 14.7394 10.0918 32.2133 26.4512 10.1434 37.2223 24.6194 29.219 40.6271 28.692 37.7642 14.9561 30.649 10.2827 11.7859 18.2176 26.256 14.7099 40.4489 19.9141 31.157 33.2551 36.7022 20.3216 18.3675 37.38 38.2597 47.7778 28.8269 24.231 29.6087 21.9699 38.3993 49.9379 46.8524 40.7221 44.6606 24.6151 21.7937 29.1867 34.8796 12.9706 31.6658 20.3469 26.5996 34.4288 30.9161 25.7369 22.2264 46.6739 31.4491 25.2851 49.0282 46.5204 27.7357 15.1877 25.9548 32.0156 13.194 22.7178 48.6824 19.682 44.2488 46.8771 14.2887 40.805 38.4746 13.7957 36.9663 10.6719 43.2307 45.7876 36.18 14.6692 41.192 32.9661 48.6736
2
14.9226 5.32965 11.3304 16.937 5.40046 19.3736 4.51098 9.56028 6.77366 4.72401 17.674 5.09933 6.63609 11.683 6.47551 17.2312 13.7809 11.0168 13.8449 18.694 9.84162 5.94362 14.5266 4.40228 19.8134 6.7052 11.1586 16.3022 11.7663 7.03314 6.19911 7.27781 12.0637 9.82364 6.0145 17.422 10.3982 9.33263 9.44104 19.984 16.9567 17.2039 17.1325 14.3063 14.0291 15.6429 6.00674 19.0633 12.3705 13.0482 9.10279 7.11412 10.6319 13.4136 13.1624 19.2821 12.1703 18.8138 14.2471 10.3738 17.5509 12.2845 15.7041 8.74971 11.0547 16.4115 12.7935 6.75892 11.5034 6.93969 12.2886 11.3509 5.71407 8.71543 11.363 16.1766 18.8958 17.2741 8.07589 12.4905 4.30212 17.386 7.76876 16.1684 6.45003 5.8724 9.68537 12.1503 16.2193 10.005 10.1282 9.62388 12.1441 16.8005 14.4635 5.2589 14.2092 4.52351 6.28714 7.80626
4
34.88 11.5162 29.062 37.6577 33.0919 11.9579 11.1374 21.3898 21.4353 21.4917 21.2768 17.0639 31.9947 26.5604 21.4694 11.0799 20.7006 8.39847 23.0256 37.0094 23.5928 36.6751 38.7327 14.5206 19.8994 21.2329 20.8866 30.462 30.0535 20.0474 29.3265 12.2294 24.7758 25.5323 17.5955 23.5402 29.3461 15.3154 9.35424 20.7422 15.1889 37.6101 37.1708 27.7795 10.8992 13.3079 23.8127 31.9422 8.83231 32.9164 18.1657 30.5242 19.3829 14.4677 21.9051 26.514 25.0792 28.5233 27.0432 35.4439 10.6159 12.3989 28.4796 13.5225 28.952 35.7352 39.6776 9.17515 15.5979 15.5398 19.593 16.1175 31.2169 26.8241 10.9802 38.088 20.6666 26.9612 30.1991 19.3623 8.60384 27.89 24.6505 39.1776 27.7802 30.2889 29.962 24.1881 12.151 33.8464 27.052 33.0809 22.9245 29.7515 31.1949 31.4729 31.6748 17.5303 25.2134 35.2181
3
17.2737 24.0001 16.946 21.7784 7.39761 10.4431 10.662 12.6739 21.6983 20.9276 23.0977 8.99329 15.5496 8.18186 18.1752 20.4412 27.6397 27.3672 29.5097 10.5108 17.6273 20.5612 29.3275 8.91412 14.1276 20.815 25.0763 12.6957 19.2501 13.5029 12.9442 8.74757 9.90447 18.6825 23.5075 24.4455 22.0947 28.1864 20.7258 23.124 22.4195 13.1608 21.5027 19.11 20.9983 7.7731 17.0313 25.0326 22.0412 16.8048 27.1431 26.1294 14.2813 28.8496 24.8793 14.2667 17.4891 14.8355 26.5025 24.3922 15.2872 13.5893 24.1689 26.1409 18.4835 28.1616 20.4777 9.31034 29.1427 14.6332 22.1189 7.92598 17.6144 11.1189 23.8364 29.6143 6.7359 28.6894 19.9255 7.00303 27.4296 27.9294 14.4849 13.8666 27.913 22.8508 7.63932 10.7363 16.7404 23.879 12.9544 22.6936 29.8945 17.6325 23.2605 26.0647 22.1474 19.2131 16.1053 26.7368
4
28.351 25.3394 25.744 33.6362 14.7553 27.1205 17.0352 11.0128 36.8686 24.2289 32.7738 38.945 30.3877 12.3479 30.3795 32.3288 23.4199 13.6624 19.5085 36.9901 35.2491 35.7121 11.9386 21.6715 11.6208 23.2938 29.5345 37.6312 17.6688 26.5367 11.4179 12.9776 21.6102 16.2783 13.4676 24.865 18.3319 33.8621 13.2752 12.6767 33.9962 26.4852 17.6802 15.3179 8.78748 39.2199 26.0107 39.7465 10.9276 34.8337 18.1538 19.8642 27.0829 28.5329 16.5817 12.8939 22.29 16.7557 23.4568 20.3694 10.5226 19.1388 25.943 12.8602 13.0273 16.7825 14.8467 9.5585 13.5513 25.9402 33.7121 39.8521 27.5877 10.2565 27.4979 14.0087 26.7636 14.6787 35.9584 18.097 11.4953 16.1681 36.8543 20.2682 21.0371 18.3341 32.1192 31.5244 38.0462 29.118 18.1064 12.0986 8.79163 16.6496 33.0394 38.5705 16.1297 10.4038 34.7943 38.8437
1
7.32452 7.97254 7.23303 5.06558 8.88098 9.06518 4.39691 9.1408 5.88549 9.45139 9.20413 9.29135 5.71206 8.39228 9.86825 3.68259 4.71838 5.59594 2.72527 9.05866 4.06109 6.57543 4.39395 8.37124 7.36521 5.33731 9.36831 2.56691 9.90367 8.55694 3.69838 3.68946 6.94348 7.39689 3.4157 8.45347 2.91454 5.12466 8.35964 9.44524 5.05753 2.68594 4.06085 7.10746 3.20706 6.38975 2.33813 3.66378 3.36622 3.86154 9.26486 2.13967 8.72901 8.42073 3.16139 3.63555 3.80673 2.03871 7.26946 6.00881 7.31455 9.03373 7.76512 9.1206 5.47474 6.65883 5.76617 9.80396 3.39248 4.73905 5.99054 3.70923 2.16081 4.51431 2.72177 5.18332 7.35076 4.84394 9.7379 2.33877 8.54298 9.92949 6.85996 6.46914 7.55722 2.71163 5.77634 4.96671 7.03566 2.0978 7.79933 4.89898 9.03662 4.17659 4.20996 4.40003 3.29474 9.57517 3.84755 3.03314
5
14.9164 18.1798 31.8133 24.4697 37.4563 33.518 21.1297 41.9114 39.2738 32.8196 30.4002 28.7274 10.3516 31.5563 19.8216 34.1458 15.4648 22.0957 36.5888 41.2653 41.3373 23.7638 29.435 24.0516 12.98 16.8163 22.4331 49.5721 41.8684 45.4739 35.7123 35.6224 18.6134 25.18 30.7482 23.9028 32.7841 39.2349 47.8819 38.9002 32.5375 39.9643 33.724 12.6316 26.711 39.5771 26.1006 25.4061 22.0354 45.8703 14.1965 42.7609 18.1232 47.9355 41.5527 18.7278 32.8888 47.0245 49.5745 45.5868 21.0581 17.7296 49.2051 40.2625 38.4217 14.6355 18.4231 27.5202 14.4892 49.5984 13.2182 10.117 26.2011 14.8086 29.7029 26.0652 15.3538 16.7931 45.0144 43.1634 22.394 16.5149 34.6661 30.9524 19.2389 40.7242 14.0012 40.2511 33.7797 39.7183 41.4082 10.4298 28.7215 36.6667 10.9517 34.5757 47.4196 23.6573 32.0765 22.709
5
38.9688 16.2824 28.8993 31.1184 48.3097 33.3268 14.4098 27.3885 39.2615 33.5779 29.7254 10.6226 41.9341 19.3962 20.9325 41.8203 12.2584 48.4102 44.6214 43.4042 11.4679 28.1781 24.104 31.6509 30.1837 40.6463 28.7473 23.685 46.632 38.436 10.958 46.0672 38.5261 44.9907 25.3456 42.0078 38.1447 40.6143 44.5977 44.2375 10.1367 46.4312 16.5977 30.5651 21.5846 48.3005 17.3167 49.1554 23.8578 12.7152 44.0102 10.5577 15.7857 16.7167 43.2518 33.5149 47.6839 43.8579 18.3338 41.5867 15.7631 48.2436 30.5672 37.6166 46.4528 18.6819 39.012 13.0747 40.1706 24.9757 13.1689 19.3063 34.0689 38.3874 43.1627 17.7199 13.2893 48.307 21.9515 15.9432 10.2571 47.1544 44.0893 46.9803 21.5468 25.5488 35.5759 38.4003 41.8484 49.7751 19.3244 28.5894 44.5689 23.5784 30.7776 37.0963 28.5963 26.319 28.2042 26.104
5
42.6428 20.5815 15.9809 26.3212 48.0993 46.8713 44.1967 49.3164 34.5956 12.8481 10.7427 25.296 20.3337 37.7271 35.7902 26.6762 48.796 32.6709 33.3264 14.0661 20.5778 36.8028 21.4362 13.5623 35.5945 49.8826 21.1603 10.1589 24.5679 23.0522 47.837 23.6785 18.6989 39.0553 28.8321 43.6328 16.4326 43.3387 11.5651 29.4167 16.2213 17.4417 35.7365 32.2438 34.1928 16.0786 13.6635 25.228 15.6299 19.3219 12.6292 38.0194 39.1665 41.2915 23.1531 42.3986 22.608 26.7566 27.0872 45.2379 29.2808 37.0564 29.446 15.2332 43.8186 36.7462 47.875 39.8149 16.2901 42.3743 23.665 38.6436 23.5759 44.7971 28.2178 10.0953 46.9 46.4372 28.8697 37.1447 34.4222 44.8929 47.9798 49.0515 47.7982 44.3028 39.188 25.2555 21.6122 25.8733 14.7499 17.8886 34.591 18.9759 47.855 19.3074 41.5023 24.2179 23.8331 31.0552
1
4.07501 6.6337 3.62848 9.54415 6.79251 6.20963 2.76922 8.26553 9.69692 5.87771 9.8354 4.85179 7.24397 6.44371 3.53546 5.6932 6.07848 4.51569 3.05939 5.45232 9.10426 2.89185 3.70058 8.74212 4.44698 2.94302 6.19887 9.87686 3.46646 5.64601 4.96107 2.35201 5.97446 9.9241 2.31511 3.70939 4.81433 6.95093 5.95422 3.44383 7.95865 3.07398 8.7272 7.60757 2.28134 2.01398 7.93121 3.76866 9.16012 6.99637 3.26325 7.97967 8.06601 9.47123 2.58649 5.41282 2.29569 5.07778 2.66792 6.31791 7.00337 7.50975 2.04333 8.95926 5.68807 8.93796 9.16608 7.18788 3.2928 5.64618 2.9957 6.30516 2.0718 9.53665 5.18281 4.87433 8.38204 8.16153 9.00635 6.13586 4.55539 5.93642 8.21962 4.68319 6.00747 9.19228 2.96116 8.05492 5.73972 3.72196 5.88691 2.89977 2.39064 7.47765 9.67973 9.37055 5.99272 3.07544 7.0927 9.40333
1
7.56312 6.49263 7.38478 7.6118 6.25041 3.472 2.82584 3.94999 8.29806 2.52636 8.38115 8.5144 6.02409 6.16784 5.26991 5.08935 4.72353 3.49506 9.34333 7.27254 5.7794 9.40296 3.23902 4.20081 2.86816 8.95721 3.89508 3.95601 4.29042 8.46435 7.45545 9.18232 8.45858 4.76914 3.59748 9.44623 5.57232 6.31002 5.31327 4.8705 8.51342 9.46425 2.17574 5.57321 5.99099 3.71381 3.12084 9.44329 4.96854 9.16334 8.77723 2.78373 3.4039 7.94142 3.37442 6.3537 8.33353 9.01633 2.26085 7.34084 8.3322 7.95769 9.06313 3.79499 3.37947 5.17511 2.51752 6.05456 5.16414 8.16511 3.00515 9.69692 2.85791 9.29768 6.82201 4.54384 3.38962 4.67357 2.21511 6.25342 9.2511 9.58362 3.216 3.02976 6.86611 4.10146 7.30283 7.98138 8.5535 8.34068 8.92239 9.66002 9.11578 8.90787 2.90318 7.31072 8.08454 4.08268 9.79086 7.36464
2
18.8817 17.7848 9.52732 7.05403 6.38543 8.16093 4.64417 13.8778 17.7715 16.4615 6.24586 6.97823 4.45277 12.7277 8.4787 13.5399 13.2398 8.66873 19.5837 15.4609 14.7068 16.9317 14.4332 5.83214 19.6023 9.74399 13.0184 13.1954 12.1158 18.7393 15.6983 5.39186 16.8133 9.78192 10.0252 4.8137 12.055 18.5996 11.9572 14.8722 14.7062 13.039 12.2708 17.4937 8.95459 7.75562 6.98654 17.4563 4.04718 17.1508 6.61967 17.3802 13.7581 12.368 19.0685 19.1837 10.4006 4.16187 4.95293 7.81747 6.19517 9.45087 16.2159 5.08974 18.8072 15.368 12.7997 13.3948 17.8656 10.6203 8.21018 9.15712 17.2752 13.9708 14.781 5.80428 18.1365 17.6554 15.451 18.0801 7.08308 7.5455 16.866 19.5115 10.8517 17.872 18.6191 4.84106 19.8954 6.32002 9.44084 17.238 13.8537 11.3086 9.15162 4.09984 5.69126 17.2678 19.1902 9.25726
2
5.84699 8.7369 14.7156 9.24545 17.4583 5.1635 8.25291 12.1616 14.2842 10.9027 6.15844 18.0242 13.5088 5.08027 17.4286 19.34 17.0095 18.2259 17.4049 11.5704 9.47522 16.7556 10.2171 7.19571 4.81488 10.5087 7.29719 13.1165 13.4183 16.9037 4.52794 6.95399 14.832 15.2749 12.5868 15.813 8.41271 12.9511 7.04946 5.0688 10.521 12.6416 4.81392 8.74087 14.8171 10.6891 13.4091 9.01647 16.222 15.7534 19.749 4.48579 11.1062 17.4893 12.8966 6.65158 18.2685 14.7786 7.39772 12.2758 9.26653 9.08161 5.74997 19.1254 8.66387 16.4685 18.5672 12.6807 4.75317 11.8942 9.0032 15.367 19.3202 11.2789 15.9961 5.87451 17.0103 4.95666 10.8972 16.1265 10.8594 4.0545 6.04578 13.46 4.5534 17.3651 9.85274 11.581 7.97688 4.27493 18.9554 9.85602 14.6146 13.3102 18.0064 4.50347 9.36817 15.8643 9.65836 15.247
4
27.4363 8.91042 34.0772 29.0233 34.9025 28.7657 32.8922 17.8004 16.4377 36.5625 13.1726 25.68 12.5184 16.6701 35.3578 22.5271 26.901 18.9712 27.4707 32.2851 35.5835 27.8222 22.3658 16.4249 37.9955 36.1483 29.518 15.8421 17.0421 25.2977 35.9768 15.8253 34.6256 39.2814 31.1128 30.7229 25.2714 38.0222 21.7787 16.931 10.482 22.2388 12.5129 30.8292 24.445 34.5893 29.4075 32.2889 9.71893 33.6995 18.2687 22.3783 13.523 29.702 31.6926 27.8895 31.2555 13.9079 39.6815 29.3142 35.8654 23.2409 18.4276 32.8897 35.7026 16.0537 19.886 15.3441 11.4719 11.9562 28.7655 21.9621 38.9149 28.2768 29.5587 34.5992 15.8461 25.7851 10.2395 34.268 20.1672 20.2974 21.2506 18.921 29.4847 12.7942 32.4081 33.0567 12.9564 38.6706 10.3457 17.7723 37.9915 36.7472 39.1261 33.8888 10.4285 14.6662 26.6432 10.7735
4
33.7069 18.492 31.3854 19.8843 13.6733 33.6222 17.4171 23.0334 39.8133 37.2699 10.9221 8.01271 23.9036 22.8014 17.2895 39.4437 16.1348 26.9884 16.4269 36.7805 31.6572 34.1446 15.9956 17.2762 15.036 30.9523 28.6156 28.7006 28.7385 28.1029 31.1676 39.9346 23.7807 32.8769 36.3145 33.5675 30.6563 28.7887 30.3694 8.62032 16.674 26.4202 19.6336 25.5213 39.8285 33.5699 19.3314 17.4587 25.3289 24.84 19.2643 28.2353 34.9109 30.7897 32.3117 8.7499 19.0573 26.7762 19.9022 8.23045 34.2511 13.6116 8.58048 36.3448 27.3875 18.1581 15.795 32.313 25.4682 37.9886 19.0313 33.1462 8.7051 26.2362 18.4157 33.1384 33.1562 20.7584 26.9156 26.7344 25.02 17.7403 22.2597 30.8999 20.7134 29.8629 30.7039 19.1187 34.8577 9.16066 8.76845 27.1416 26.297 26.6931 29.0704 26.6128 24.2762 21.1562 36.3767 34.6973
2
18.1625 7.47299 17.6238 7.08269 11.7465 6.66385 13.1502 17.5063 14.9859 6.63498 7.33491 10.289 16.9908 12.3635 17.4591 7.31283 4.9625 5.2161 15.6919 17.4105 17.4972 4.30043 13.6654 12.6524 19.3856 13.8915 4.95337 13.6151 19.7231 11.7457 5.26514 16.4447 11.1419 9.11558 18.1685 10.5252 15.9767 9.27636 14.1532 19.5673 17.179 15.3786 14.8472 6.92752 19.7899 18.4379 10.2001 17.9716 12.7852 12.2752 16.4431 8.2949 5.10509 6.21951 10.6414 10.6107 9.6813 10.386 9.64893 17.121 13.2731 4.34167 5.27915 14.1803 5.92602 15.9713 15.5044 18.067 19.8646 9.35619 19.4959 12.6721 19.6329 4.47763 12.3169 13.9213 17.2936 7.5588 19.0817 9.73916 6.50016 6.85623 8.39378 8.37131 17.2531 4.7143 16.8731 15.8744 5.15307 12.6948 16.5885 7.58816 12.9642 4.59412 5.20475 10.4012 6.29864 18.161 18.6582 16.6234
5
44.4253 21.2684 34.4271 39.5804 43.7528 44.442 23.4028 42.8622 21.6627 18.3874 28.2839 31.7353 35.7385 38.5615 14.3164 42.0853 17.5601 38.6509 45.5096 45.9048 35.4555 46.1177 23.3755 11.2845 43.9556 21.9861 33.0745 48.5969 23.8558 31.2764 45.8701 34.2816 26.7924 20.4918 16.8029 33.6356 48.2388 48.5645 26.4867 14.0169 22.829 27.6683 45.935 29.8671 45.9138 40.3024 33.3234 30.9583 15.2558 29.0536 41.5946 15.2726 16.7703 25.4433 25.8111 17.9176 28.2176 14.2649 49.1637 37.4872 44.7534 19.8184 36.5404 11.2717 20.2429 10.448 34.5628 40.7244 28.246 27.789 26.9959 38.5912 16.5787 37.1312 44.4377 19.1082 19.3572 45.3036 37.1954 22.675 20.4321 42.4872 30.2527 36.4097 32.1168 14.3627 49.2368 41.9905 43.1182 40.9992 36.2895 12.1919 19.5759 28.8888 24.7498 47.5208 33.1139 32.5356 11.5531 14.3589
2
14.3043 12.2721 17.5344 12.552 7.55959 4.92448 18.4567 9.43177 17.5345 16.1754 14.9993 14.4678 9.99541 15.3152 18.8896 14.8263 11.7478 13.4741 5.52896 7.9603 19.602 12.7642 10.7657 7.28525 7.03274 9.81538 4.01757 19.4056 14.842 5.02135 14.0552 18.2061 12.1405 4.8044 11.7588 9.1196 17.9587 8.21412 18.1609 8.88411 17.7998 5.17135 14.0888 10.102 13.4481 17.6701 15.7166 19.9129 4.34432 11.2502 12.3421 10.0937 6.84157 4.05259 10.6992 19.898 13.6526 16.7704 18.1193 16.9465 7.80302 6.80796 8.85338 5.48288 5.40084 13.9605 17.8681 11.3051 9.53694 12.9263 14.4279 8.68717 17.6272 11.965 11.7757 18.6017 4.50984 13.0138 9.22509 19.5575 15.6099 12.5735 6.97519 4.36323 12.4839 18.6784 17.9629 8.13093 13.0567 15.2615 5.06278 16.8309 16.8632 17.2272 11.9488 5.71088 9.60759 11.5453 7.929 8.89232
3
23.7666 18.4924 16.6008 6.29149 19.4711 9.94633 24.8221 14.4106 25.4067 11.5952 20.076 10.4419 8.42637 22.5231 27.6157 22.7702 15.429 15.0795 11.2014 7.44718 26.477 24.9294 6.30769 13.1241 11.8675 26.0191 21.5831 25.9486 19.2531 6.0512 17.6544 9.01673 26.9037 16.0627 14.3701 8.97506 25.2045 21.6996 23.5767 16.3668 26.4842 13.7825 14.521 16.3148 21.2654 25.7559 28.9733 24.1361 25.0331 23.6161 17.164 26.4812 29.6131 23.9106 27.6278 18.592 15.2563 9.40267 22.0505 22.2722 17.52 9.99616 8.20914 23.1636 9.04181 26.5122 14.1031 11.9229 10.2999 8.9137 8.36624 7.89155 9.45185 10.5694 22.0567 21.8531 21.3478 22.153 12.9163 16.4719 21.8099 26.7701 27.1939 25.007 27.2733 7.9067 20.1268 18.8937 19.881 7.79315 22.1733 8.78849 24.1279 27.778 24.0909 29.6698 23.146 24.304 15.9528 26.5884
1
7.48336 8.99271 4.13204 8.74323 7.59541 6.55737 4.8844 6.00435 8.17775 6.33006 7.93518 6.42139 7.14912 2.17717 6.01544 5.21098 4.40534 3.53723 6.87198 8.86886 3.52712 2.38131 7.97445 5.27404 4.58805 6.18759 3.77575 2.51038 5.46892 4.83644 7.93179 9.31158 7.0846 5.33197 2.8871 8.03604 3.92979 6.25667 3.23232 5.07774 7.3499 9.86512 5.23996 5.61934 6.94323 3.7231 4.98457 9.63392 9.50076 5.79843 5.45377 8.04143 8.88983 4.90964 7.05605 7.92618 6.28783 6.43887 9.93201 5.72164 2.17231 3.21512 2.47488 5.26881 3.4737 5.47421 8.46691 3.65426 3.29679 9.80162 3.23765 5.73433 4.61741 4.96447 7.25045 2.25153 9.36038 2.53901 3.52352 8.44953 8.26508 2.23963 7.29158 6.0929 8.94491 3.85585 2.31461 9.79792 5.54681 3.70354 4.23973 8.58062 3.41709 3.4964 9.42259 7.52838 6.17992 5.54421 5.61451 4.5014
3
7.0688 10.6634 11.3791 16.5446 6.71978 19.3044 6.10946 19.8897 19.8537 19.2347 8.72193 13.8645 24.8173 23.7016 25.4935 28.1915 12.8837 20.4487 9.56817 9.46198 9.61741 27.4818 19.7082 25.5498 11.2227 20.7162 25.1992 25.827 7.71641 26.8474 11.7524 29.5261 6.77079 8.78974 17.2487 12.5915 26.0695 17.0272 20.1677 17.3645 28.0205 6.2189 17.5451 7.44597 16.6692 18.4041 11.3035 28.0796 18.6572 24.1502 11.7982 14.4002 12.0676 14.9866 29.4246 11.8898 17.0035 10.4702 7.12842 19.3873 15.7419 9.22371 12.6636 14.9926 24.3067 15.2928 7.44157 11.2118 19.3049 13.1642 26.816 15.685 29.8705 10.7897 28.6456 19.8416 14.5579 11.959 16.9802 23.8269 13.0307 25.3654 21.7124 16.043 12.388 7.70803 25.0401 23.6485 29.9735 28.175 27.5823 20.3603 8.50922 11.65 20.9924 11.9014 13.3993 7.98689 23.9134 25.4387
5
25.1459 10.4009 43.2726 26.2635 41.8992 11.3908 29.1036 25.8927 44.5292 31.2147 10.0257 11.5968 31.1622 40.0162 32.5078 29.8874 32.8968 15.2424 36.4669 49.8056 31.0765 49.3257 27.7807 41.7223 43.3632 16.0478 22.4929 33.9633 36.8941 46.3707 45.9907 23.0399 16.8013 34.5132 40.4379 23.2673 48.3768 45.0555 23.7424 31.5509 21.1645 21.8533 13.3416 13.1228 13.2587 49.5416 38.0852 24.0089 44.0915 28.4105 11.4982 36.0084 13.991 33.4336 49.7033 39.9667 38.79 38.2309 27.2868 13.1229 37.7676 14.7464 14.3861 26.3136 43.2041 29.4225 48.2829 16.8133 29.8319 46.653 22.7809 42.5939 32.4612 40.2937 48.6513 43.7836 10.0648 24.0147 48.426 27.1069 44.6006 21.2735 38.8201 39.0861 32.8545 45.6914 44.0655 23.7878 39.5843 12.6134 33.4359 30.8924 10.2467 32.6339 46.2454 49.8704 31.5873 27.8692 37.6008 36.0465
4
34.4442 29.5246 13.0288 27.1798 21.2578 16.9943 8.83563 35.0936 20.847 35.1598 17.7755 32.4704 38.7214 19.8037 31.9152 29.9496 22.1497 13.5889 39.2919 16.342 35.5591 18.8136 23.7821 36.4956 34.4048 22.4185 39.5029 30.4751 31.6353 13.3701 37.8725 26.181 18.8787 12.5468 29.4537 37.5333 36.4744 15.2518 18.7048 20.3447 26.4754 10.4772 21.7647 22.0081 38.7464 25.0461 37.3959 29.1233 24.2833 20.7561 9.21017 17.1887 25.877 24.6498 17.3033 10.4822 16.2491 16.5373 17.4223 32.2566 17.7829 33.8955 21.7913 25.3739 25.9748 34.2698 23.7205 23.5052 34.7322 23.3021 32.1229 29.0192 21.6411 36.5114 14.0653 21.685 15.33 18.9511 31.4763 18.3152 23.0548 38.8676 34.1379 15.4728 20.6285 31.4874 27.0862 39.3674 22.8222 37.0545 26.5437 23.0666 36.3622 17.2456 26.511 39.1464 25.6466 38.0874 14.1416 15.9057
3
20.5935 16.5441 27.9426 9.2829 12.6989 26.2444 28.1966 12.4219 12.8091 17.4058 28.2461 7.85154 24.8381 19.6465 21.6788 13.5131 22.674 16.8452 24.4751 23.3754 28.9539 24.8283 19.3089 9.01795 11.0682 8.90343 19.1866 6.9201 26.1147 8.45964 25.1445 25.6764 20.5195 25.8519 18.7233 17.3552 16.0439 10.7891 15.9375 19.2206 27.897 13.4443 23.4604 26.0359 26.6717 9.50557 7.74081 23.1664 21.8228 10.387 17.7728 16.7031 14.4071 21.8176 8.23499 22.8221 28.8025 20.0281 19.7202 8.60226 7.12717 24.7525 10.7724 22.5171 28.0747 18.2656 10.4511 14.8212 21.8865 17.6731 18.141 6.04909 7.1789 13.6741 19.3258 19.8462 9.34401 23.0145 12.046 18.3494 26.2428 27.8501 16.7575 12.3374 28.9098 13.2382 24.3114 20.368 14.9875 7.97626 10.7731 13.1227 18.6097 16.0063 9.79936 9.17618 10.4521 19.6045 23.2922 14.4101
5
31.2171 16.1615 46.6833 16.6588 11.2935 17.1341 14.642 46.0587 10.9388 35.6673 23.119 16.5899 31.0794 28.4054 14.5975 43.2592 42.469 41.2854 11.6244 49.4259 43.4615 19.3422 39.3596 35.4656 43.314 30.8325 16.8594 26.2061 39.926 17.0833 10.9976 13.5409 30.9203 29.4731 16.9333 20.628 26.9734 44.9488 39.0294 24.0785 46.2993 21.4884 16.1299 40.5428 39.1959 24.9121 25.1005 14.1001 21.5574 28.4512 46.5401 30.8567 26.261 36.4782 26.5691 37.1607 11.3331 33.8071 18.6001 47.8387 33.8014 31.9679 38.998 40.8599 48.1398 13.8625 40.5358 24.8354 18.2112 28.2088 17.5517 15.7583 41.6154 15.1779 26.714 29.3903 35.3481 34.6319 37.3008 45.7019 21.6772 18.3681 14.8991 31.7715 23.1423 17.7751 12.4318 39.5513 25.5844 48.3086 12.4166 44.9038 38.1113 42.1921 34.3642 44.3178 48.9056 30.7482 31.2227 15.7079
1
2.74322 9.66295 7.97349 8.68053 7.06945 9.79046 4.68082 5.54302 6.22585 8.95862 3.88073 2.62994 2.86499 4.49269 3.55926 7.28959 4.28073 3.66643 4.08086 5.00285 8.71892 3.49476 8.00402 5.66928 6.9872 5.42723 9.02447 9.87211 5.52053 5.59872 5.20203 8.7786 7.05845 7.29345 9.62737 5.33183 7.09044 8.2786 9.68499 6.39026 2.22557 5.66393 4.06866 9.47131 8.64277 6.94334 8.70551 9.75516 2.77783 5.87501 4.74511 7.0051 2.40357 3.85599 3.76968 2.06061 4.25921 7.4478 7.38177 6.55943 8.38544 6.70912 8.32569 3.5449 9.32118 4.9918 6.29876 6.61482 4.31848 4.85657 5.60888 7.26801 6.73173 8.76464 3.83442 2.10494 6.7374 7.20134 6.64292 5.53859 7.54066 8.88822 9.92463 3.67178 3.22498 9.73977 4.3973 6.99728 6.40112 7.22098 3.83839 9.57696 3.81167 8.76205 4.10101 8.35613 8.04738 8.88648 6.06972 6.26943
5
13.3351 35.8081 46.7669 17.6373 32.1127 36.8333 29.9715 18.7592 44.2177 46.2585 43.0673 39.0649 15.1609 48.5257 17.3621 45.4536 33.5121 27.0844 27.1692 18.5323 36.3994 14.7989 44.9764 21.3057 31.8859 24.0843 49.8192 35.1724 13.3801 34.4277 49.0174 25.8857 11.2364 24.9518 23.4286 32.1327 16.7015 49.6746 16.3766 39.3905 43.3638 43.1249 36.4105 11.7136 41.2606 13.9666 14.0498 24.11 28.801 14.2907 22.6735 48.1622 17.6596 42.229 23.7082 33.5487 35.7983 45.5473 46.2712 18.1229 43.7703 43.8742 41.4265 49.2051 29.4661 37.2208 21.2078 28.7444 16.4536 18.4481 22.5668 45.0061 11.0724 17.3395 46.4008 43.4419 43.4358 33.9318 11.8189 19.3979 27.4978 48.7643 15.7991 45.3172 15.3415 27.6997 38.3968 15.0938 30.8451 48.9745 43.6575 38.2333 37.8815 10.1342 36.3917 26.4773 48.2073 22.5108 44.9681 25.5467
4
12.5523 20.8735 14.9259 11.0018 17.0023 26.2191 19.615 37.7183 12.6039 16.331 28.5531 15.2153 23.2121 36.0028 32.3801 25.262 28.4364 36.0412 14.1089 34.1584 18.4772 14.8155 32.6141 22.0161 35.6746 11.1764 20.6481 16.2216 36.3964 16.3693 15.0057 20.7055 22.887 8.56615 8.4654 32.6435 38.7062 33.6417 29.1304 26.2142 13.3796 39.8192 36.7954 15.0387 25.8871 13.8097 33.9634 24.926 28.6151 14.0708 29.1381 8.55131 33.395 24.8095 10.0169 29.69 9.25669 10.3543 28.2088 28.6335 29.5177 13.5212 25.1032 24.4119 29.8372 21.5989 28.5135 17.4484 18.8563 35.5783 13.7219 16.2696 23.0526 18.251 10.5489 11.8987 15.4317 12.8022 22.0733 19.5539 21.6816 27.5221 32.6279 27.2798 29.4159 26.262 38.6954 19.1344 38.1289 20.2598 12.3295 24.5583 19.4889 8.95874 34.7269 25.5504 13.5947 37.446 13.5741 9.27526
1
5.40123 7.89571 4.75665 3.91756 3.08641 8.18815 4.6528 7.25186 6.02487 6.16977 2.0406 3.174 7.24785 6.88099 6.15792 2.77653 6.96664 3.13126 8.96756 8.20031 7.70253 2.50605 9.96519 8.19849 5.09302 5.93296 3.55419 4.40005 8.65556 4.58818 4.26858 8.05443 8.79008 7.92451 3.12542 5.03828 8.3015 5.60219 6.38779 8.90573 6.72353 8.10388 6.01973 3.76329 3.725 8.81486 5.11424 4.75083 9.87994 8.34998 7.57575 9.90959 7.08269 3.90823 3.33822 3.21883 2.88928 8.43662 6.40008 2.58209 5.06631 6.38417 4.95738 4.54437 8.62866 2.82767 4.91632 7.52163 9.64712 4.75014 6.06639 9.32367 6.10737 7.25344 8.19546 4.75171 4.10147 3.48623 2.42793 3.05196 9.63309 7.0684 9.0674 7.00641 4.31776 5.79349 9.22485 9.44202 9.25944 7.39005 3.5138 8.93969 7.38453 4.12343 9.09361 8.52409 8.51473 5.01911 8.34214 3.11581
1
4.56227 3.65582 5.89877 7.19619 9.07653 3.7691 3.33205 2.88136 3.10935 2.87136 6.20007 4.84222 8.09206 4.73291 9.33263 8.63402 8.62631 7.99399 7.55116 4.15053 7.19176 9.66119 4.65104 5.19593 2.31711 7.29377 8.92547 8.07459 2.87082 7.03612 4.88704 3.35536 9.12764 6.65275 4.84334 6.96626 5.26734 4.72193 5.98284 6.77613 9.96176 9.14425 8.62718 2.8192 9.70653 4.12243 5.30636 9.31914 9.55365 4.76849 4.31279 8.66851 5.90117 2.4947 9.3907 9.52018 7.99634 6.34442 7.21702 3.14667 4.80827 3.4191 8.32995 6.22394 7.92656 7.55782 5.16166 4.19565 7.14202 7.42542 8.83112 3.3743 5.36577 3.16565 8.35354 9.93538 5.54298 2.77543 9.92245 3.96089 8.21749 3.35665 3.92091 2.68836 8.40353 8.40155 5.31786 5.1218 6.42087 6.26815 3.10608 4.16058 9.34954 5.00182 8.43777 6.40271 9.76048 4.65924 9.11429 9.77868
2
8.33509 19.5487 4.13866 10.8356 7.39399 15.6076 6.95131 10.237 17.2998 9.31737 12.4311 8.64659 8.55758 14.5312 15.1219 12.4204 10.8035 11.3936 10.9895 17.041 11.4459 5.7925 15.6891 10.7655 8.82378 10.7186 4.37964 7.71203 10.9433 5.59444 14.149 8.44706 14.8568 13.636 14.1118 14.1364 5.74547 9.30855 16.2429 16.3221 18.7689 11.9399 8.0082 16.3877 6.74321 5.55355 11.8564 4.77444 12.7115 16.984 4.63308 10.0114 14.4679 16.3365 9.98063 11.6211 12.0982 11.8545 8.78557 10.9635 5.59996 11.2563 4.73648 14.0817 9.64391 5.60462 10.0548 4.61041 16.5395 7.77002 8.46071 4.81042 14.4673 5.55231 4.43741 6.79218 12.04 13.5213 15.8551 7.98967 8.25531 11.6397 15.0181 4.94807 10.9034 10.7314 19.1976 11.4874 18.4899 8.8559 7.71191 11.3044 12.7392 6.65332 18.6168 15.0759 12.738 13.7214 14.0696 12.1251
3
21.3602 12.0444 22.3978 17.7816 19.9022 28.1241 8.47616 10.646 28.247 25.6694 28.6717 20.2262 8.54848 11.1517 11.4719 13.2905 20.8972 27.603 9.6591 16.5128 19.2201 28.1424 14.1033 23.1373 24.8944 27.5843 22.877 23.0845 20.7947 26.3462 11.4141 25.7165 18.4919 22.8767 7.42861 22.4807 13.3224 28.8197 24.3143 10.6513 28.0475 7.13695 20.7427 13.3855 19.8199 19.4042 12.1788 13.3158 7.17782 10.5027 10.0327 10.8948 11.7843 8.92273 22.1664 16.7121 15.6311 14.8989 18.4742 9.00273 20.4254 6.5959 11.256 13.565 13.8788 20.5629 22.1011 13.3063 13.6163 28.6764 25.0026 24.637 29.4255 11.7886 9.4205 11.9292 6.56311 12.3022 25.0116 13.2609 10.8386 25.8885 27.7467 16.6636 10.1936 6.56857 25.1317 20.0914 29.4956 25.3759 16.2534 18.3318 21.2644 28.8191 20.367 26.0757 25.0509 17.3643 13.7452 12.3659
4
36.1838 37.8506 10.8394 36.2937 21.6155 27.5358 28.4466 34.3999 35.9599 30.88 8.63708 15.9898 27.2004 20.1638 10.6988 34.4536 26.5545 15.0431 13.6089 14.8907 34.9901 34.5813 30.403 29.7608 27.2282 38.7993 24.5923 9.61465 36.3572 16.8688 11.7558 10.0296 34.1827 35.072 33.4302 19.8757 34.4399 33.6544 18.4245 32.0366 21.9911 33.6955 34.683 17.7107 23.1352 15.1216 34.8219 29.4172 32.1536 14.9862 30.4655 25.8323 29.2169 11.1433 38.5053 11.5805 12.7784 28.4384 14.4088 37.1061 9.57879 16.5411 27.7013 27.7495 33.3871 16.5465 14.7473 27.1536 35.6031 21.4684 19.9551 8.12582 26.8457 31.7504 20.5305 12.0794 12.6533 14.9195 37.9045 10.1802 34.4198 30.5073 30.9598 39.3237 38.6924 21.3635 34.1802 22.067 9.95564 28.4877 19.8507 31.6404 10.0263 26.5029 27.4294 11.1649 31.1856 24.8972 23.2196 12.1989
3
19.4257 20.48 29.0499 8.89074 8.63836 13.3851 17.8413 15.3324 9.94523 14.3583 25.7682 20.2142 15.7606 14.5292 26.4757 6.9489 13.191 28.6553 9.8288 12.5077 16.4408 27.0332 9.38946 29.2406 27.9764 26.7213 23.6339 28.7441 9.91502 11.0437 23.3813 7.7429 25.1096 24.343 27.9011 9.95668 17.3965 26.9522 22.1684 11.9185 26.4756 13.3528 21.7366 22.7154 6.89184 14.4889 21.6946 9.61839 10.5862 19.2062 28.1787 11.572 10.4856 23.7841 16.9076 16.5109 16.5996 16.5292 29.2087 24.4736 14.0942 22.4002 22.005 28.4803 26.8087 26.6327 6.23141 11.1457 15.6883 10.3309 6.14859 12.9935 23.5973 24.9975 26.024 22.4431 23.9841 22.9695 24.6478 19.4358 16.8661 6.72685 24.1537 6.67023 9.60291 10.0467 29.6119 12.4153 29.9269 29.9678 17.8646 6.86972 12.7001 10.5365 20.0709 16.0362 7.86543 9.3021 16.4322 27.0802
1
3.7776 6.01825 3.56306 5.78171 6.14723 4.48545 5.75351 6.26082 3.18385 9.7164 8.12046 7.3088 4.53065 7.50513 4.33501 3.24515 5.2573 2.09395 3.78201 9.60891 9.40339 9.82737 5.8577 3.41437 8.78803 4.89248 9.29905 5.50886 5.11676 5.67698 9.5761 6.56388 5.41714 4.27614 3.37851 8.23073 2.83414 3.67995 5.22771 4.99195 4.81667 5.17172 3.24561 6.23983 4.72651 6.46925 7.11146 8.11321 2.90079 9.14006 7.23787 2.6238 9.19934 3.82171 2.19732 9.6034 9.06823 7.77856 5.4304 7.00303 5.15056 7.32626 8.26711 5.07547 8.47596 3.65506 6.29231 7.97231 7.2599 2.58342 6.0867 8.28678 7.34413 6.77293 3.37453 2.07371 8.30947 6.93598 5.60931 5.87768 5.29224 2.56737 6.02875 3.30079 4.53552 4.73098 2.21018 6.64124 2.70657 7.43304 2.15771 5.13391 2.01155 4.11291 2.95241 5.32431 7.13889 7.78289 8.99666 3.10697
3
22.1916 19.5181 11.3715 27.8337 9.83063 19.8713 25.0049 9.01302 23.6369 20.9378 12.38 24.4683 7.19339 23.4424 8.10212 23.8677 25.7046 20.3004 13.3614 8.81526 12.3068 27.116 19.9757 9.26529 20.6479 23.1909 8.06138 17.5564 9.95487 12.7638 14.5523 8.78509 18.8077 14.1986 15.7834 14.238 29.8385 6.83907 21.3602 28.6001 9.57505 15.2513 14.5309 17.6592 13.6469 12.5696 28.2811 11.2247 13.5728 26.6675 28.3688 7.97905 19.3488 22.87 24.5202 24.9816 22.0554 6.92789 21.0026 6.54252 6.70187 29.9718 23.7957 9.18671 27.5281 23.165 15.5778 29.4251 7.9808 19.7733 7.74703 23.0535 13.5844 8.37213 20.6965 22.6964 23.9245 10.9074 17.5608 26.3157 11.9627 25.331 14.654 7.40211 16.902 6.52838 21.8169 19.5687 22.8211 17.2576 23.8933 14.265 13.2966 14.8179 28.5526 28.3301 26.2315 17.1676 19.679 12.1047
2
16.3956 18.3624 15.915 6.59122 19.9894 10.8667 6.29112 9.84836 8.14933 15.3921 17.8996 18.0174 13.4108 19.781 12.7217 4.50068 8.86338 14.6595 12.5819 12.2154 18.8174 8.92892 17.4365 4.71395 5.8546 9.90618 18.8267 17.2352 4.82454 7.67624 5.0594 9.24873 18.3503 7.21893 18.6781 8.05492 8.4054 11.8727 10.7861 17.003 18.524 9.69801 8.78534 13.89 17.2081 18.3019 14.0919 17.1025 17.0932 7.68817 10.3921 9.0647 4.43501 4.69318 19.0013 6.55365 17.4805 14.5721 13.8873 11.4463 12.2846 7.29646 8.92119 11.4586 6.53629 12.1264 9.91903 12.4414 19.9557 16.0196 8.03514 7.79339 5.82486 5.43993 19.071 18.5555 4.2149 15.1278 17.2614 5.74811 15.4722 19.395 16.1009 4.51408 8.52533 17.5063 8.77269 17.6298 18.5766 12.7106 12.7422 9.94696 4.73891 4.48432 19.0789 13.3276 6.18218 5.54844 19.0675 19.6348
3
14.545 14.0994 27.6719 28.6423 21.6047 24.9571 6.90035 14.6068 17.5204 10.7932 12.1132 17.8724 16.8938 6.75112 24.9671 17.7884 16.4343 13.194 20.865 13.0339 16.7084 8.81721 10.9594 20.2608 18.8892 12.1891 27.8894 27.6503 13.4739 12.1905 15.2213 26.8516 7.9382 25.8197 18.5591 12.772 26.2969 19.8349 26.2966 14.6863 19.5383 14.6983 13.9774 12.1358 15.9025 23.2955 8.2331 27.0829 29.9716 10.8951 16.2674 17.7937 23.5403 20.8192 8.85595 21.9143 25.2362 16.2935 6.82934 18.2106 17.8588 26.9445 15.0095 14.441 24.4047 18.4142 9.56681 10.8299 13.7493 13.5596 22.7679 22.6108 20.9525 15.7072 15.082 15.1086 19.1581 10.4295 22.6149 18.8286 22.0546 16.314 17.8396 26.0215 13.8674 17.1922 7.59169 20.1942 29.8503 22.2978 10.299 16.0328 20.245 26.823 16.4138 17.2092 24.678 11.3417 18.0161 21.5378
5
36.108 25.0018 25.421 14.4446 29.3968 35.9749 39.4077 10.8084 43.1206 39.5231 41.899 23.6467 11.0152 37.1796 25.9953 45.9257 42.8313 32.5423 45.4615 26.509 20.8316 40.756 10.0149 40.4799 33.2831 14.7143 37.6848 27.5129 47.5993 33.1396 11.9025 48.4513 35.7905 25.6968 40.9753 20.2455 14.8768 40.2965 47.6028 19.4107 34.9209 27.7451 46.0905 14.1582 37.3373 48.8965 34.9178 15.3569 36.1327 19.4634 42.3158 46.4826 44.7355 37.6426 32.5122 22.7094 21.0695 29.7124 30.2981 39.3014 33.529 18.7565 31.5746 19.4587 20.5104 11.6726 37.5346 41.7766 46.1575 29.6202 40.1353 37.4719 44.9768 17.0648 36.5194 37.5335 17.9776 14.5747 40.0398 39.9547 12.9955 30.526 25.5449 17.2007 31.8534 16.8736 36.5796 34.0704 17.0175 44.1419 12.1603 16.107 40.4042 20.7943 20.7778 38.714 26.9939 32.1356 39.2862 17.1337
3
10.4601 20.5029 23.8753 25.2345 7.1306 11.6797 7.21299 14.4107 20.6782 13.6488 23.2663 25.331 29.9978 26.6714 14.1029 11.1899 17.8182 13.7395 6.51201 18.3633 21.7814 19.8719 19.0932 25.8339 15.22 19.2254 20.153 13.2938 7.35267 7.24118 29.1282 22.1395 14.6155 21.0448 28.2551 27.5806 16.8485 17.3177 29.2033 22.0797 18.056 22.8603 21.3917 20.3427 25.4588 19.0644 14.7074 14.0784 6.5587 11.5139 11.3444 6.74516 9.93177 21.9329 11.4824 24.5048 17.4714 9.6998 19.5229 29.6017 13.7983 24.146 23.6028 28.3855 20.5565 6.85755 23.1034 24.1973 17.3152 13.1999 16.8733 23.3364 12.7932 20.2827 14.8855 20.3285 8.12705 6.58455 22.0452 14.7123 7.89912 10.4566 20.8688 21.5635 24.6468 24.7226 9.75214 19.9764 28.5698 22.5953 15.5468 29.7198 16.1551 8.12764 29.1636 8.2876 17.438 14.4167 10.9208 10.5617
4
39.4796 28.5881 16.1225 24.601 23.9604 23.9893 37.3858 8.57615 22.4018 22.3166 19.1212 26.2685 24.6913 23.71 22.1565 15.1777 39.5462 18.482 23.2609 33.0365 18.6085 9.11887 12.1242 24.9631 29.0898 17.8639 23.4478 15.7549 34.089 17.0041 11.2712 28.4505 23.7096 14.988 24.6605 30.2838 32.1001 27.4981 31.8829 23.1564 31.5441 22.6034 28.1927 19.7517 22.7233 33.1173 14.3536 38.4173 8.28024 29.2851 17.022 33.9396 24.8041 16.9272 10.1171 9.33593 32.3656 34.1617 20.3023 17.7897 12.7261 15.8327 35.7023 27.8524 27.345 14.7679 16.9826 17.0391 26.3109 28.9926 29.9141 26.9406 39.3224 36.022 14.55 16.9788 11.8419 11.3602 26.1386 33.9295 29.5483 36.3284 30.8976 38.3374 18.2142 32.3482 11.7744 16.9493 30.131 10.8052 27.318 26.2897 28.2088 39.6182 34.7876 12.5031 38.874 31.6369 32.6213 28.5907
4
38.7125 10.7145 11.8908 36.1325 37.246 26.598 28.1145 13.7786 38.383 16.4351 38.4323 28.3829 30.1034 37.6234 22.6426 25.5537 14.7404 12.8244 35.9357 21.068 37.81 11.3776 15.5569 25.0728 39.664 25.9444 29.6046 13.8269 10.5895 39.0041 28.588 27.6083 9.98108 29.8301 24.3694 33.4138 34.2099 28.5675 29.1169 31.0732 13.8154 12.0414 22.8915 25.4058 36.6442 19.9171 34.4935 39.042 37.5612 13.8397 12.1943 28.536 27.3574 34.1768 32.9778 22.3956 21.4815 32.9898 30.9168 39.6513 21.2168 17.859 25.3083 27.5927 23.9321 29.1866 13.1946 33.2955 15.0285 25.6039 10.8937 31.5644 30.2098 16.1067 33.1642 23.9174 32.6986 17.544 30.6307 39.2355 30.0263 32.0856 38.0929 26.7039 31.0191 23.293 26.3459 23.6693 27.6069 37.4189 14.1339 29.0377 34.0793 16.5602 12.864 12.8386 32.4138 10.2894 24.7058 20.5804
4
24.2929 17.8026 18.9567 9.66689 27.6521 22.2525 9.44876 29.8849 29.543 22.8379 10.8195 21.9147 8.75611 34.141 30.5939 28.3853 23.7271 18.2495 39.2984 29.1067 39.0157 24.6937 20.2383 8.19534 22.4123 13.292 18.9643 34.1703 28.7965 22.0291 8.55434 27.1453 26.8725 38.0926 34.8336 15.2412 32.9063 26.1931 25.6605 26.3445 35.5899 32.2921 32.4005 17.3364 36.1579 32.8632 15.7158 26.9171 23.8803 39.8116 23.794 10.1518 35.0581 19.1771 19.1402 36.8617 35.6449 21.7444 26.0606 39.9856 15.6213 35.6875 30.9585 36.0376 19.2456 39.3722 35.5712 19.7855 35.3073 36.441 31.2706 23.2744 31.5062 23.3071 22.5534 37.3218 9.08531 39.1816 11.8461 13.6077 25.8386 8.758 25.7487 13.4855 15.6225 23.6808 14.844 33.6393 8.49329 20.922 11.1948 38.7109 19.597 32.1909 39.6574 35.0229 34.9358 10.5015 23.1327 27.5233
2
10.3881 12.9738 15.1514 6.82644 11.1524 19.3207 9.80532 4.82037 18.2547 10.946 11.7828 8.99431 4.54759 8.52985 11.6977 12.2339 19.6128 16.0472 19.2201 19.0984 14.0435 13.8606 9.84151 19.435 6.39599 15.8092 8.21577 14.3961 17.6221 4.10744 14.8869 14.6729 17.7964 7.86667 15.2179 14.7572 5.94881 19.05 9.33124 15.0435 11.8174 19.6753 5.876 7.58501 4.3315 14.077 6.43123 5.31534 15.6396 12.0407 11.3604 6.54839 9.49297 8.62187 17.9284 14.5692 18.799 10.4615 17.4933 12.1278 9.15515 18.4117 18.5865 18.6495 17.1777 8.2833 14.6924 9.97294 12.4361 19.5279 11.5415 12.429 7.80717 17.6667 8.72786 15.0733 19.0597 16.2799 10.4647 19.8845 6.48396 4.3667 16.2905 9.74081 15.3772 12.8913 10.5371 17.9871 16.1979 18.325 5.37355 7.40566 5.20198 8.99821 4.23745 6.40289 18.3727 16.0748 12.4664 10.2238
3
8.24344 14.9297 6.15513 16.9254 17.5548 25.864 23.1053 12.4889 28.7364 13.4683 16.2599 23.1095 29.4146 24.3284 16.8901 7.31201 7.33959 28.1448 27.6044 18.2581 22.3312 16.8959 10.8757 18.8772 17.8478 12.7718 24.862 14.1898 9.02072 23.2239 18.3662 14.168 17.9997 11.4717 26.7774 18.4759 21.4513 28.8125 28.8379 28.434 13.0551 13.0775 26.0798 25.5524 25.8416 11.5768 24.7746 29.9744 13.2149 8.87839 14.2397 22.1763 21.5039 9.76428 17.3457 21.2661 12.8865 25.7077 7.06847 19.2247 23.5298 27.2149 16.9286 28.4348 27.7907 26.3756 11.1634 25.8384 13.3203 27.9655 22.4745 15.0704 9.91491 25.4451 15.1947 25.9086 12.96 8.1978 17.7183 20.386 12.3077 24.352 18.0378 16.9082 7.43428 13.5301 10.232 29.7202 15.719 17.8686 9.74807 27.0658 14.6907 17.6529 29.3219 21.3839 29.0828 11.9108 13.3804 26.8847
1
8.66399 7.99011 9.68722 8.32354 5.6239 4.74 3.24075 4.35615 4.8279 3.14804 4.04172 7.43594 8.14238 2.9823 7.63507 2.26252 4.73808 6.50759 3.76487 6.40634 3.42128 5.89448 9.1833 7.2463 7.33463 6.72443 6.90743 6.33154 5.68389 8.74744 7.57994 9.32387 3.14681 3.04828 2.59015 9.67705 5.6203 6.77778 4.61155 8.20904 2.96232 6.60528 5.21202 8.72366 7.38465 4.04842 9.19316 3.83774 8.15269 5.8368 3.31477 7.17017 9.24877 4.46541 7.0609 6.04893 6.65498 4.09436 3.10362 6.89249 3.91195 4.95104 3.12083 3.42175 6.60972 5.39089 2.62427 3.85885 2.46701 2.77322 4.45412 7.26894 7.6551 8.30814 4.59621 5.20139 6.02261 5.03101 3.9784 6.78647 9.87741 4.06048 7.90212 7.44391 8.98185 4.29654 8.7654 7.35949 8.41772 6.71478 5.73373 3.88593 5.97702 4.41303 5.01482 4.02444 9.73485 7.56672 2.39373 9.14295
4
37.5704 29.8503 11.8585 25.5958 33.8852 9.5561 22.1547 19.3125 38.3493 22.1852 29.2122 24.9639 26.2492 30.4253 10.689 36.2134 23.6714 24.6948 11.1652 14.4311 11.6462 30.9389 14.1012 10.4446 30.4503 15.3664 32.0156 18.2923 10.192 30.2505 9.00921 37.1026 13.8049 24.9187 33.7596 25.2267 18.5752 34.0582 25.1117 14.7465 34.3259 23.4595 12.3886 22.4863 20.3863 25.3249 28.5486 9.64951 31.4674 19.2675 18.3124 22.2093 38.5722 15.1224 11.3865 12.1745 31.0634 33.7 18.9071 31.8586 22.0146 9.60144 15.2292 29.2753 34.9696 32.225 23.1877 16.7855 30.2349 37.0862 8.95258 17.1224 24.8301 19.578 36.6062 30.9176 28.2224 27.2944 20.5653 21.8543 31.9684 27.0448 21.9743 19.5729 11.3894 38.6817 27.1941 32.453 33.4048 39.8685 10.5114 14.3979 28.6494 17.9115 35.1941 9.7455 9.99747 8.78154 27.0172 32.4314
3
14.034 15.4112 16.1546 6.86515 20.9582 13.3895 29.9898 8.54443 26.4619 13.8388 25.2257 28.6298 20.3004 22.5598 25.1817 8.24593 9.57841 26.2449 18.4085 22.3673 26.813 7.2235 18.6275 23.4358 15.1798 19.2565 14.4631 10.3878 19.6614 16.6007 12.6869 18.3098 14.8158 22.5602 24.6904 25.9412 25.8844 29.7451 19.9079 28.2428 29.9587 14.255 19.9062 23.2502 17.9229 20.0068 8.86028 28.4306 27.8926 11.4248 14.1348 7.7617 14.8681 14.7135 20.6883 28.7514 27.32 17.9289 13.0207 14.6175 15.4277 18.0709 12.3816 22.8454 17.6878 9.41157 6.95901 19.3435 14.6117 25.2815 14.7659 19.4137 16.2321 15.5303 20.9452 8.75751 20.1358 19.8821 17.2107 23.735 10.7418 23.403 17.1428 8.09614 8.54466 14.3006 23.0578 29.4026 16.0402 26.2735 22.1705 28.3601 25.0535 25.6305 23.7669 8.2784 16.1868 13.3963 11.1079 17.8786
5
32.4295 29.6375 11.7298 38.0418 17.9578 46.0019 21.8136 40.7873 49.0116 16.6667 12.5643 45.0335 17.4574 27.6866 37.1416 16.1443 25.9912 25.2294 27.8593 25.7579 28.0836 29.0179 14.7736 34.8296 44.9385 25.3237 11.9888 28.1803 43.373 25.9225 20.5873 31.9575 48.5226 29.4131 47.0882 35.4157 35.281 31.3101 46.3429 48.4217 32.3775 39.3134 27.7724 16.0909 43.0009 20.1629 13.8535 41.9617 35.8748 34.4842 29.7599 21.1133 30.6901 26.0304 33.0633 34.6341 31.8029 21.7279 22.4036 26.8459 14.1017 28.9314 14.0307 16.6912 14.9521 46.2943 25.1275 24.689 36.1235 14.6618 12.8184 26.8655 29.6061 24.3915 47.7697 17.0672 11.222 25.5087 11.2894 29.06 35.9394 17.1029 34.8313 19.8236 18.7934 22.3706 30.8097 45.4452 35.3218 45.7114 33.6326 11.0196 25.4209 18.2843 39.8567 45.9625 34.5282 28.4285 46.3743 46.1415
3
7.34029 6.26248 14.7338 29.8349 10.2507 15.7865 11.7273 29.956 28.0735 19.2183 18.8597 13.401 14.7232 19.4399 29.1156 22.3831 25.0334 29.8526 9.23757 6.30848 7.08842 8.95534 15.4867 10.3744 7.53054 13.9534 6.36417 8.93161 13.3125 8.36762 6.7615 9.58114 27.3632 12.6109 12.0092 27.9736 21.6361 20.5021 10.2918 19.28 17.0086 22.6862 27.8986 26.3022 17.5006 27.9278 11.7782 18.1932 12.283 27.249 17.8667 27.7541 24.9418 19.8787 27.6565 25.2777 27.47 9.98297 17.477 28.9078 22.453 9.14452 22.953 21.482 26.9184 13.5609 19.112 17.8264 9.31732 26.9295 18.6081 8.47323 29.1079 13.9882 28.531 15.7673 18.4076 11.6805 16.2696 24.3319 19.1846 6.91473 16.898 9.86234 15.4562 11.8837 16.5538 8.21565 17.9639 29.9165 20.2767 28.7657 8.79248 18.8294 22.7759 29.9919 7.40348 12.7448 14.5959 13.2709
3
16.102 8.17686 25.3309 13.5848 14.9913 15.4854 16.9718 7.78368 26.2029 21.5349 15.4313 25.2709 23.3478 19.6429 8.72109 14.8298 24.9655 24.3027 8.09105 6.44297 6.26086 12.1506 11.2009 19.9867 16.484 12.5358 29.2309 24.5753 28.0453 7.28775 19.0248 19.1489 9.46004 25.2735 23.3603 22.8995 24.2171 7.33946 12.4384 10.1268 19.6637 7.23132 29.6879 22.1203 8.00198 28.0856 26.9765 22.6593 27.4894 24.0867 28.3246 29.7251 21.9379 26.8835 19.2134 6.02016 22.605 26.3587 20.582 28.8865 14.5708 9.34475 20.608 18.2179 27.6946 13.8812 19.3633 10.9597 14.2446 14.6051 15.4415 8.78951 17.2952 12.8704 9.64827 15.5728 11.9846 15.1886 10.8498 23.1876 7.72738 21.5854 11.0726 22.311 21.475 7.46568 22.9488 24.7621 18.1191 8.58292 14.6 17.9949 16.1297 16.7041 15.0543 18.3348 10.5239 23.5658 21.2891 11.5524
4
13.0571 11.8831 22.8976 30.402 19.9317 10.7537 10.3035 19.3926 24.3096 34.207 34.3173 12.9922 19.1938 11.3198 36.9939 8.12862 20.059 32.2686 8.08716 19.1355 37.1404 11.4403 25.9606 20.0635 33.3728 39.8504 9.96069 19.111 17.6044 18.4923 25.8782 28.7989 14.7116 20.2434 10.1224 23.5141 14.2393 19.9534 26.2335 16.0482 39.191 8.33798 31.3569 8.75369 36.5949 9.30555 26.3071 30.9462 35.4699 8.33957 30.8426 34.1741 33.8173 31.5631 37.78 32.9836 12.2629 15.1097 11.5707 22.8023 31.974 8.42612 36.9648 14.5668 30.4779 15.1316 27.3892 21.72 25.0043 31.0588 10.6622 35.202 32.9793 15.1013 33.6719 30.0605 19.2943 16.4928 15.6424 23.3052 27.9751 18.143 15.6123 18.631 23.877 23.6553 11.7519 33.6364 34.0298 27.6505 26.1425 29.1596 34.258 29.0228 28.6444 16.3598 26.7022 30.7523 21.477 17.1673
5
25.2803 31.0001 18.7275 45.4836 31.2348 35.5646 24.3325 39.4942 20.4062 34.6582 11.7478 25.3297 41.5744 25.1936 44.4271 35.8225 23.7141 43.2663 45.7669 27.1401 22.6245 40.0726 19.8681 10.1051 21.1753 44.6066 27.8673 31.4965 29.5742 42.0443 31.2423 39.2418 42.0629 46.719 43.4999 35.4033 16.4476 18.5957 41.6506 10.8669 12.8697 42.1504 18.8776 45.6383 38.2241 36.5601 49.8055 48.6535 32.6308 36.1104 49.7755 21.0099 44.3651 49.7262 39.5337 16.5237 49.6543 38.5328 16.7371 23.5206 43.7465 40.3527 25.6861 41.7651 39.6566 40.0441 26.6871 38.4361 20.9982 34.5895 16.4533 37.0533 25.305 31.8372 20.9497 43.2617 24.2496 11.8052 32.0872 41.3809 37.1659 49.4521 49.6741 25.6238 44.2804 47.8207 40.0295 39.8929 36.0598 20.4629 32.6658 10.0587 25.0795 32.049 26.4462 42.628 16.8221 36.0706 26.6238 33.7069
3
9.60107 27.8001 6.78336 28.0957 14.0275 9.4844 25.0369 11.7609 8.66517 16.9959 18.377 20.3313 28.8488 23.8162 6.66429 22.7664 7.05521 9.99996 25.3777 18.9169 16.508 21.7586 7.58258 6.4997 9.50085 22.6929 8.35053 21.2041 9.40701 11.1412 17.6017 19.3999 17.3455 20.1138 29.3364 26.9155 28.4713 6.28167 9.22614 23.3534 6.85869 24.4873 8.53186 21.4145 9.94699 10.2479 6.31891 14.6974 11.5168 10.7192 27.937 25.443 10.1659 6.58764 13.734 9.69263 8.2532 9.36146 21.9726 7.3283 28.2799 20.5278 11.9178 18.4643 27.6764 21.0453 19.0656 29.6585 10.9636 21.6418 28.4791 19.4121 20.2575 18.3835 10.2037 18.4269 27.086 15.9868 10.7278 18.0887 18.4861 23.3407 8.45863 6.6451 24.3511 27.7078 15.1827 10.5474 6.99534 8.07378 23.4779 24.4246 19.9068 6.11287 6.04778 7.1582 16.6549 15.2397 10.9456 7.52746
5
46.2343 23.4871 44.1787 33.4577 19.0877 16.7383 23.0269 27.8411 46.5144 17.8543 28.3839 44.6052 37.4258 45.5165 42.3314 25.4783 13.3785 34.6027 27.4603 14.5134 17.4768 36.8624 17.7663 44.0575 49.1755 49.7189 40.5242 25.1766 37.6398 28.3562 46.7975 42.6921 36.3186 46.2444 38.2401 24.9856 31.3879 19.2627 27.8444 48.7281 46.7194 18.5738 42.2951 28.6894 38.0317 47.4075 23.5819 32.7846 38.8795 46.9092 17.5291 32.5137 31.1381 26.2095 46.8986 28.9503 22.6377 21.871 36.7208 24.4358 24.606 41.8695 49.5117 40.136 31.5734 39.2644 18.0307 29.6151 36.3979 10.7155 13.2371 28.5842 43.0665 45.0026 15.0997 10.9806 49.9277 36.7033 43.917 11.5337 26.0135 30.1862 39.8043 44.9741 33.1051 49.0747 48.0028 42.0418 16.1999 36.3388 37.6681 32.4501 35.0358 20.1706 11.7945 14.9616 39.3284 30.7991 35.9294 44.7315
3
14.2089 24.7918 17.1605 15.9701 10.4063 23.1321 15.4545 14.3085 19.0603 26.6291 14.0887 26.6513 17.5696 16.6979 25.78 18.4121 18.3736 6.79425 21.5018 19.7878 27.555 26.0375 14.5801 24.7471 19.6092 12.6189 13.0665 27.6624 12.0994 20.2127 11.106 15.8055 17.9181 18.6101 28.0201 29.9242 18.871 15.7935 17.8222 27.1188 14.3041 10.671 29.886 6.23893 12.4915 11.6885 23.4827 22.0168 6.50401 26.54 16.9097 8.15789 6.27543 6.19294 9.92552 7.60644 12.5873 20.4487 12.2128 22.2053 16.6891 12.2563 12.5862 19.9685 19.274 19.9984 17.6654 20.185 20.528 10.9683 6.73011 14.5735 10.9718 11.256 15.4781 16.7054 22.8134 23.2638 15.4031 9.91627 19.5315 20.0678 29.5121 25.9234 7.4068 23.8463 19.1012 16.3691 14.7214 17.5926 18.3081 25.5073 22.3441 21.3305 15.1596 26.2538 7.42062 22.0534 19.8346 11.8177
5
47.5741 26.1219 27.6168 13.0519 27.6862 29.7931 38.6283 10.5123 25.3366 36.3225 20.103 29.3725 44.3183 20.2862 16.7359 36.2478 32.4899 23.6309 34.2842 16.9208 25.6472 34.7802 35.8716 44.4624 37.2373 27.3729 17.339 21.4387 22.8214 10.0387 15.5457 32.6072 18.1923 28.6178 33.5292 14.5112 40.0523 32.2304 36.4293 18.3764 28.1594 44.6032 22.0817 32.7179 37.8467 12.0575 20.1896 22.062 21.821 29.567 43.9769 48.1908 30.1479 16.2902 28.2313 30.3145 27.3297 41.9844 37.643 30.5785 15.3808 35.7072 39.3443 41.3106 41.8085 18.2119 23.5575 20.4164 41.405 49.4427 26.2575 11.3263 30.7558 12.537 17.7536 33.9036 24.373 45.7395 31.0993 42.7169 11.357 43.6353 34.2338 19.0855 21.4954 19.1086 19.7638 33.3027 39.7032 47.4322 36.2895 43.4432 17.712 43.8947 15.1836 47.1617 41.9145 36.372 16.7269 12.8884
1
3.10281 6.72408 7.61331 6.4286 4.92249 3.61469 5.89177 4.48826 6.60764 4.03282 4.36911 2.59645 7.54622 8.55057 9.75239 9.45168 5.06217 2.05081 8.54519 8.65992 3.17618 5.79814 8.21979 2.70522 7.47831 4.22321 8.32923 2.71182 8.26863 3.07669 4.71566 9.65404 4.12221 5.60914 3.97103 2.67017 8.03466 7.43298 3.30651 8.13657 4.3045 8.72282 4.98688 5.15836 2.3086 4.41047 8.48608 9.13277 7.32688 3.03081 5.52018 5.04154 2.57268 6.87475 5.11409 4.12861 6.58484 8.10563 5.85822 3.61921 8.13794 9.4952 2.51123 7.13683 6.82675 8.43552 4.10536 9.4741 5.48137 4.88296 2.71034 3.37395 2.56908 7.89057 2.0123 3.97732 2.73934 9.38512 8.86388 8.59353 9.66802 7.84497 4.96172 3.44975 7.35726 6.53513 5.8077 3.07564 2.04717 8.95563 4.11011 5.9796 6.89547 4.15955 4.78097 8.27265 5.58163 8.59694 8.68587 2.89638
3
16.5338 8.63826 19.823 17.978 13.776 19.7082 29.6229 22.5543 8.44321 28.9624 21.9653 20.343 7.96409 24.8898 28.6215 6.5039 12.7364 29.2561 11.9458 20.4636 27.1404 12.8598 28.0342 16.4839 16.3665 13.8114 15.4941 19.3018 10.1498 24.932 13.9185 14.4352 8.50757 14.8647 14.1581 12.7472 22.5702 21.4915 16.4863 14.8649 13.6026 22.2503 14.7494 15.043 27.3072 11.9456 14.5965 22.0697 10.5044 28.6468 7.8833 8.80599 27.2823 18.2671 23.3419 19.953 13.711 10.418 19.6127 25.6413 16.2147 28.1317 16.7296 26.4359 16.6945 24.0467 28.1548 9.34974 13.4975 21.6491 9.45494 8.46155 25.3236 22.1636 21.7129 25.7291 27.1665 11.6886 21.7698 29.594 25.3798 25.1684 17.3902 14.9699 28.9642 13.7968 11.444 18.2098 16.1679 12.4456 29.1994 10.6441 25.496 29.711 24.8207 8.2845 26.2196 25.1739 21.1642 21.2878
3
16.568 17.124 22.5546 20.3965 28.5168 12.1112 15.7916 14.6877 25.875 6.67522 10.378 29.5185 24.6823 11.4638 14.0971 11.717 14.3767 24.8945 15.2575 28.4872 16.2337 12.4876 18.0911 20.5102 9.77643 27.664 11.9815 6.11793 22.3783 8.72555 16.7442 22.2603 11.2739 16.7376 16.1743 29.9828 13.1996 29.0323 6.08293 18.1348 10.8799 17.0509 29.04 17.0258 27.5811 11.2442 26.0422 27.75 6.94863 29.7503 13.325 22.8963 25.3485 17.5674 18.5378 12.3639 21.9301 20.9412 8.49982 6.00147 13.6309 11.6854 22.7572 22.7885 16.3401 6.15412 13.1587 14.278 27.4407 25.5847 23.6689 8.01989 22.9495 26.5302 6.63875 14.6817 24.472 8.09954 17.7506 16.5882 9.19247 28.7251 25.8578 25.3963 18.1178 15.1753 19.9366 10.6252 7.79275 20.5321 21.3704 10.7608 28.7066 9.85095 23.7833 24.6515 23.6095 10.2234 8.64332 6.91626
3
23.7798 19.1589 23.2787 18.8336 24.8334 6.84193 11.9761 21.9504 6.4206 22.0131 23.0569 19.885 29.7137 8.01377 17.7838 11.445 20.7697 22.3083 27.5187 20.9397 9.37596 27.6329 19.6958 18.5931 10.1128 12.0097 8.68389 29.2442 20.4756 25.9688 25.3795 20.6772 16.9008 19.3227 21.3767 8.92658 27.5397 13.8368 29.5557 7.89867 6.62329 26.14 20.9352 8.65633 9.26235 25.218 7.63092 11.708 19.5262 22.8344 11.7654 21.6465 14.6442 17.2228 6.17215 15.48 14.1732 20.3934 10.7378 22.0004 12.9755 21.3983 6.22626 23.5314 14.8504 7.89894 29.4287 21.4015 29.6632 6.37956 27.4827 12.4836 22.8156 11.3504 15.2049 14.1477 27.9013 15.8843 29.2802 16.9679 15.3903 25.831 27.1521 14.5289 28.1855 18.0516 28.457 25.6754 20.8963 25.0186 10.8471 6.54824 21.6714 6.12416 14.045 11.7504 17.4359 12.0401 23.9739 9.9876
1
3.47144 3.14842 9.80023 5.3357 3.31304 9.57907 3.94897 2.16951 4.53535 9.41864 5.16643 8.48137 7.31903 4.9231 5.91733 2.04411 6.47302 3.51348 4.59107 4.65336 8.54553 2.75375 2.29365 9.08712 4.21094 2.83099 3.99357 9.89579 4.58879 9.69444 9.678 2.17907 4.15117 2.00933 7.17545 6.50593 6.87475 5.08199 4.30121 4.13388 6.29364 8.91237 3.98175 4.68382 4.10947 5.53029 4.01442 6.42668 2.01474 6.77157 9.11862 3.33818 7.38586 9.65036 4.93477 3.07783 7.50209 6.48401 5.62722 6.04859 4.94655 2.92648 8.74746 9.69323 8.84566 9.0668 5.01383 8.18389 6.60316 2.74871 8.66395 7.66082 6.78505 2.26766 4.03623 7.17681 5.81165 3.60162 2.03651 9.50336 5.11305 3.33174 2.14635 7.95493 7.40411 2.40923 9.62894 9.38751 2.73548 7.92473 3.58911 3.52779 4.97661 4.03625 9.54357 6.78907 9.38723 9.2122 8.15759 6.73032
2
17.0289 13.3451 5.6673 13.5034 18.1509 15.9902 8.07203 9.12783 7.20945 15.3176 18.1421 6.16508 7.89143 19.1318 4.59261 4.28381 18.4597 15.2244 12.0776 4.31175 9.31828 16.7809 8.94279 17.4012 18.2196 6.82052 19.6518 4.7583 14.1747 5.73013 6.94757 5.99755 5.13164 9.95577 12.8115 14.1858 4.48111 17.9138 15.2832 7.6363 19.4554 11.1843 18.2027 8.51694 4.48035 19.0491 14.9385 10.3339 14.5444 14.4371 15.1632 4.35425 13.6465 17.3395 7.7392 19.029 13.3858 17.757 8.7779 10.4803 4.75529 6.24138 11.9337 6.11401 14.2023 4.09557 13.9963 11.421 11.0178 5.29192 4.8427 10.0294 5.11717 18.1737 6.81283 7.07065 6.27581 15.0008 12.57 5.92066 15.8805 17.4033 10.5094 4.38045 18.2605 5.80364 18.7769 4.35714 6.65956 16.8725 4.96073 17.1086 18.9129 13.0779 4.51842 18.1141 17.8902 8.39296 19.0018 17.6335
