50 50
15000 17500.0
15000 17500.0
15000 17500.0
15000 17500.0
15000 17500.0
15000 17500.0
15000 17500.0
15000 17500.0
15000 17500.0
15000 17500.0
15000 17500.0
15000 17500.0
15000 17500.0
15000 17500.0
15000 17500.0
15000 17500.0
15000 17500.0
15000 17500.0
15000 17500.0
15000 17500.0
15000 17500.0
15000 17500.0
15000 0.0
15000 17500.0
15000 17500.0
15000 17500.0
15000 17500.0
15000 17500.0
15000 17500.0
15000 17500.0
15000 17500.0
15000 17500.0
15000 17500.0
15000 17500.0
15000 17500.0
15000 17500.0
15000 17500.0
15000 17500.0
15000 17500.0
15000 17500.0
15000 17500.0
15000 17500.0
15000 17500.0
15000 17500.0
15000 17500.0
15000 17500.0
15000 17500.0
15000 17500.0
15000 17500.0
15000 17500.0
146
2609.75 3292.3 6739.725 8933.375 6803.6 5984.175 10355.05 7650.4 8084.75 4246.775 5219.5 5776.125 6641.175 7816.475 4374.525 3847.1 5033.35 6429.475 6719.65 3660.95 7358.4 5396.525 5219.5 8345.725 4182.9 6387.5 7391.25 5542.525 5038.825 10349.575 6400.275 5558.95 6051.7 9568.475 3792.35 4898.3 9064.775 7159.475 11178.125 8697.95 4781.5 6033.45 6661.25 5299.8 8845.775 11656.275 9977.275 5301.625 8663.275 3947.475
87
2368.575 1148.4 3204.8625 4509.8625 4028.1 2752.4625 5457.075 3845.4 4791.525 2504.5125 2396.85 2628.4875 3220.0875 3859.5375 1838.9625 2266.35 2285.925 3117.8625 3299.475 2596.95 3680.1 2582.8125 2296.8 4205.3625 1779.15 2994.975 5115.6 2491.4625 2189.1375 5399.4375 3046.0875 2499.075 2838.375 4940.5125 1446.375 2351.175 4642.5375 3507.1875 6634.8375 4369.575 2035.8 2890.575 3943.275 2607.825 5984.5125 6919.7625 5919.2625 3574.6125 4385.8875 1538.8125
672
38119.2 28711.2 4914.0 17161.2 44553.6 7030.8 26409.6 19622.4 50450.4 35490.0 13876.8 9147.6 14977.2 9987.6 21848.4 35330.4 20546.4 15111.6 25670.4 37312.8 29954.4 23679.6 9828.0 13734.0 19303.2 6568.8 57472.8 8895.6 11180.4 22957.2 12390.0 7341.6 15489.6 21294.0 21806.4 22713.6 18992.4 16657.2 67393.2 15523.2 12297.6 23856.0 48568.8 27686.4 66066.0 66973.2 59161.2 44864.4 16203.6 22621.2
1337
94158.225 75406.8 32372.1125 11548.3375 94124.8 35112.9625 29982.225 21024.325 105322.175 79267.3875 29681.4 21275.0125 20071.7125 28595.0875 64292.9875 80186.575 47630.625 25921.0875 53179.175 95094.125 61702.55 69206.4625 23096.675 42165.6375 48700.225 24701.075 135170.7 25118.8875 40527.8125 60515.9625 47246.2375 30416.75 52911.775 19804.3125 61669.125 53847.675 15191.6625 17163.7375 141838.9875 16712.5 34762.0 49569.275 105288.75 76944.35 142841.7375 137025.7875 121516.5875 110118.6625 12183.4125 58878.1375
31
1432.2 1277.975 1715.4625 1883.6375 566.525 1580.6125 2152.175 1577.9 838.55 876.1375 1061.75 1250.4625 1363.6125 1923.9375 1524.0375 955.575 1016.8 1318.6625 949.375 1655.4 814.525 1789.0875 1133.05 2087.4625 1015.25 1583.325 2005.7 1269.8375 1379.8875 2512.9375 1815.4375 1381.825 1823.575 2008.4125 1383.375 947.825 1901.4625 1497.6875 1685.2375 1925.875 1108.25 908.3 1169.475 1798.775 2040.1875 1600.7625 1240.3875 2003.7625 1836.3625 1237.2875
559
29389.425 21549.45 6421.5125 15994.3875 35203.025 3514.7125 23701.6 16197.025 40108.25 27663.5125 10383.425 7483.6125 12332.9375 10627.9875 15840.6625 27251.25 15232.75 12444.7375 20193.875 28704.65 23757.5 17769.2125 7029.425 12654.3625 13919.1 6260.8 45474.65 6253.8125 6966.5375 20326.6375 9090.7375 4947.15 10956.4 19446.2125 15805.725 17035.525 17517.6625 13730.4375 54202.0375 15093.0 8371.025 18684.575 38375.35 21102.25 52622.8625 53852.6625 47354.2875 34986.4125 15197.8125 16483.5125
2370
181956.75 151443.0 81972.375 45118.875 179349.75 86890.125 28499.25 43134.0 199791.0 153664.875 65767.5 58805.625 48555.375 75277.125 138615.375 155294.25 97584.75 53176.875 107361.0 187467.0 122469.75 147325.125 56998.5 99391.875 102384.0 68433.75 259515.0 65619.375 96429.375 131920.125 108338.625 78565.5 118381.5 37594.125 126439.5 108605.25 40319.625 50569.875 262507.125 54213.75 78328.5 100962.0 199791.0 160389.75 266358.375 256048.875 228497.625 214099.875 46244.625 120958.875
1089
70158.825 56137.95 33391.4625 20160.1125 68960.925 32030.2125 26544.375 6370.65 78353.55 57158.8875 16770.6 13571.6625 8861.7375 34044.8625 51550.5375 57907.575 31390.425 10985.2875 35882.55 72690.75 42824.925 57376.6875 12741.3 45125.4375 33595.65 25346.475 105796.35 16702.5375 32220.7875 60071.9625 42892.9875 24339.15 46527.525 21820.8375 44649.0 36454.275 21085.7625 12128.7375 107171.2125 24366.375 22542.3 32942.25 78353.55 60248.925 108940.8375 104203.6875 91544.0625 84928.3875 20704.6125 42130.6875
33
1719.3 1555.125 2020.8375 2186.6625 797.775 1877.2875 2480.775 1869.45 697.95 1127.3625 1324.95 1525.8375 1646.2875 2242.7625 1817.0625 1211.925 1359.6 1593.4875 1205.325 1956.9 1061.775 2099.2125 1395.9 2416.8375 1275.45 1880.175 1940.4 1538.2125 1663.6125 2869.7625 2127.2625 1665.675 2135.925 2327.7375 1668.15 1203.675 2218.8375 1789.0125 1599.2625 2239.875 1374.45 1156.65 1050.225 2109.525 1977.1125 1509.3375 1125.7125 2149.5375 2144.5875 1511.8125
32
1038.4 879.2 1459.6 1709.2 1024.8 1320.4 1995.2 1402.4 1305.6 464.4 869.6 1050.8 1181.2 1674.8 1133.2 546.4 738.4 1134.8 1066.4 1268.8 1206.4 1406.8 928.8 1875.6 768.8 1323.2 1950.4 999.6 1145.2 2314.8 1562.8 1115.2 1500.8 1846.8 988.8 667.2 1736.4 1318.8 1983.6 1748.0 832.8 916.0 1087.2 1416.8 1986.0 2088.4 1720.4 1628.4 1668.4 837.2
5495
282030.875 211282.75 141015.4375 156813.5625 275986.375 123980.9375 205925.125 104130.25 324205.0 216434.3125 12638.5 46089.3125 66146.0625 165880.3125 198300.8125 220212.125 86408.875 58178.3125 109075.75 294806.75 144106.375 241573.9375 25277.0 212999.9375 97536.25 105504.0 461992.125 48149.9375 106122.1875 288418.8125 178793.5625 81738.125 185456.25 180442.0625 162789.375 111960.625 161484.3125 89774.5625 468792.1875 165811.625 55499.5 94239.25 323380.75 245901.25 477721.5625 453818.3125 389938.9375 356556.8125 149807.4375 140603.3125
904
50691.8 38013.2 17684.5 20961.5 51754.0 16554.5 32069.4 15322.8 59686.6 41572.7 8429.8 1231.7 9073.9 20938.9 32781.3 41335.4 20566.0 9254.7 24295.0 52228.6 30058.0 37595.1 2463.4 29549.5 19775.0 11074.0 79235.6 3830.7 16712.7 41956.9 25571.9 10170.0 28589.0 26227.3 28724.6 24385.4 23131.1 11333.9 83247.1 20927.6 10350.8 21854.2 59166.8 41335.4 84557.9 81009.7 70500.7 62387.3 19673.3 26656.7
1466
87703.45 68425.55 38207.625 29484.925 86090.85 36375.125 42477.35 15319.7 98955.0 70203.075 15832.8 11526.425 5185.975 43485.225 62653.175 71210.95 35513.85 11563.075 41561.1 91111.9 50906.85 70496.275 10371.95 57448.875 38482.5 27377.55 135275.15 15741.175 36631.675 77569.725 50998.475 26021.5 55891.25 35788.725 53362.4 42330.75 30731.025 11599.725 137529.125 32581.85 23565.95 37602.9 98735.1 74362.85 139911.375 133534.275 116492.025 107586.075 27615.775 49972.275
143
8994.7 7014.15 1953.7375 3076.2875 10270.975 2400.6125 5044.325 4089.8 11525.8 8342.2625 3428.425 2289.7875 3530.3125 1217.2875 5553.7625 8308.3 5162.3 3558.9125 5938.075 8844.55 6878.3 5947.0125 2434.575 2672.3125 4897.75 1741.025 13134.55 2275.4875 3283.6375 4634.9875 3544.6125 2352.35 4204.2 3955.7375 5544.825 5623.475 3465.9625 3423.0625 15131.1875 2520.375 3406.975 5551.975 11125.4 6799.65 14963.1625 15041.8125 13379.4375 10451.5125 2868.9375 5718.2125
615
22109.25 13806.75 17181.5625 27575.0625 34163.25 13983.5625 36054.375 25399.5 39559.875 23393.0625 16297.5 15828.5625 21148.3125 21809.4375 7310.8125 21709.5 15513.375 20779.3125 22678.125 21463.5 25368.75 12569.0625 14621.625 24038.8125 11931.0 16866.375 39913.5 14091.1875 11169.9375 32479.6875 15843.9375 13360.875 14375.625 31372.6875 9640.125 15974.625 29250.9375 22701.1875 52897.6875 26598.75 12776.625 19787.625 33563.625 13114.875 48346.6875 54681.1875 47531.8125 28374.5625 26698.6875 11815.6875
564
16807.2 14001.3 25640.85 30561.75 19556.7 22905.45 35602.5 25154.4 24505.8 9679.65 15763.8 18421.65 21255.75 29433.75 18478.05 8135.7 13451.4 20437.95 19232.4 20868.0 21699.9 23300.25 16271.4 32126.85 12619.5 23236.8 35094.9 17533.35 19253.55 39867.75 26303.55 19556.7 24957.0 32986.95 15933.0 12196.5 31041.15 23680.95 36455.55 30709.8 14579.4 16581.6 19881.0 23476.5 36497.85 38302.65 31816.65 27205.95 29842.65 13261.05
226
10299.95 7390.2 7031.425 8472.175 10011.8 6048.325 10492.05 6305.4 12559.95 6963.625 2542.5 3918.275 4743.175 8551.275 6856.275 7119.0 1531.15 4415.475 4164.05 10825.4 5152.8 8788.575 3062.3 9992.025 2712.0 6068.1 17458.5 3782.675 5031.325 13093.875 7754.625 4593.45 8294.2 9443.975 5401.4 2666.8 8664.275 5714.975 17692.975 8842.25 2599.0 3101.85 11362.15 8989.15 17709.925 17551.725 14924.475 13365.075 8184.025 4483.275
3016
175305.0 136474.0 78453.7 73100.3 171987.4 74683.7 92515.8 36644.4 198000.4 139301.5 27445.6 23562.5 23034.7 89311.3 126332.7 141375.0 67935.4 11423.1 80376.4 182317.2 99603.4 144881.1 22846.2 118038.7 74042.8 56173.0 274079.0 32233.5 75211.5 159433.3 104768.3 53383.2 114834.2 79433.9 107218.8 81959.8 75663.9 36305.1 280374.9 79396.2 45918.6 72233.2 198000.4 150423.0 282712.3 269592.7 234531.7 216209.5 69254.9 97680.7
253
14104.75 10872.675 9452.7125 10186.4125 10309.75 8668.4125 12441.275 7754.45 12529.825 10040.9375 3542.0 5082.1375 6005.5875 10597.5375 10274.9625 10214.875 4313.65 5638.7375 2061.95 14718.275 4237.75 12438.1125 4123.9 12767.0125 5635.575 7817.7 21789.625 5177.0125 8073.8625 16239.4375 11122.5125 6723.475 11726.55 11267.9875 8646.275 5230.775 10401.4625 7099.8125 19186.8875 10594.375 5350.95 2795.65 14964.95 12662.65 22071.0875 18497.4625 15556.3375 17561.3625 9863.8375 7618.4625
195
4719.0 4738.5 8597.0625 11897.4375 10320.375 7583.0625 14113.125 10500.75 12031.5 6905.4375 7254.0 7875.5625 9152.8125 10064.4375 5467.3125 6371.625 7005.375 8870.0625 9277.125 3656.25 10130.25 6729.9375 7312.5 10878.5625 5869.5 8497.125 9506.25 7622.0625 6695.8125 13554.9375 8172.9375 7390.5 7707.375 13238.0625 5406.375 7151.625 12428.8125 9845.0625 15675.5625 11583.0 6547.125 8360.625 10130.25 5845.125 12180.1875 16314.1875 14559.1875 5847.5625 11614.6875 5613.5625
38
2204.0 1718.55 1581.275 1691.475 1302.45 1463.475 2030.15 1326.2 1635.9 1593.625 693.5 924.825 1063.525 1760.825 1628.775 1619.75 733.4 1008.425 555.75 2296.15 390.45 1953.675 780.9 2079.075 931.95 1335.7 3066.6 939.075 1298.175 2600.625 1756.075 1171.35 1846.8 1853.925 1384.15 871.15 1722.825 1227.875 2673.775 1752.75 889.2 505.4 2041.55 1987.4 3108.875 2532.225 2090.475 2723.175 1643.025 1229.775
807
33087.0 23443.35 23170.9875 37575.9375 50155.05 19559.6625 48702.45 36072.9 57236.475 36022.4625 26166.975 23493.7875 30494.5125 29263.8375 14919.4125 33813.3 25682.775 30655.9125 35084.325 31815.975 38614.95 11166.8625 22333.725 29102.4375 20982.0 23524.05 56025.975 21214.0125 17380.7625 40178.5125 17905.3125 20255.7 15978.6 42538.9875 17975.925 26288.025 39775.0125 32512.0125 74738.2875 35911.5 21002.175 31291.425 49368.225 15978.6 67091.9625 77038.2375 67697.2125 40884.6375 36405.7875 20830.6875
551
29547.375 21819.6 12087.5625 14277.7875 30208.575 10393.2375 19877.325 9670.05 34960.95 23989.1625 3801.9 2252.2125 5847.4875 14071.1625 19650.0375 23844.525 11199.075 6260.7375 13471.95 30993.75 16984.575 22873.3875 0.0 19319.4375 10703.175 8017.05 46945.2 2293.5375 10145.2875 26881.9125 15889.4625 6157.425 17728.425 16757.2875 16158.075 13513.275 14856.3375 7665.7875 50147.8875 14257.125 4959.0 11984.25 34713.0 24051.15 50189.2125 48040.3125 41634.9375 36675.9375 13492.6125 14897.6625
304
19258.4 15154.4 4883.0 8660.2 22473.2 5240.2 12851.6 10822.4 25140.8 18677.0 8930.0 6798.2 9435.4 4715.8 11943.4 18148.8 11947.2 9496.2 14265.2 19106.4 16203.2 11616.6 7106.0 3553.0 10898.4 5631.6 28226.4 6684.2 7117.4 7725.4 6509.4 5973.6 7911.6 10537.4 11924.4 12593.2 9496.2 9405.0 33421.0 7486.0 7881.2 13444.4 24198.4 13429.2 31946.6 32615.4 29081.4 22522.6 8227.0 12293.0
814
32600.7 22120.45 24063.875 31410.225 36263.7 20115.975 39682.5 24603.15 43406.55 26098.875 11050.05 13644.675 18976.375 29538.025 20197.375 24684.55 10012.2 17796.075 19495.3 34493.25 23056.55 27157.075 10541.3 33424.875 5270.65 20594.2 59259.2 12362.625 14845.325 44597.025 26668.675 15282.85 26495.7 35297.075 14936.9 10622.7 32488.775 21866.075 64743.525 31379.7 8099.3 15669.5 41636.1 27879.5 64804.575 63420.775 53958.025 43640.575 30250.275 11650.375
337
19133.175 14415.175 4124.0375 7502.4625 21736.5 4258.8375 12148.85 8180.675 24693.675 17191.2125 5611.05 2952.9625 5851.1625 5337.2375 11613.8625 17111.175 9697.175 5918.5625 11525.4 19369.075 13673.775 12852.3375 3268.9 8547.1625 9073.725 1634.45 29479.075 2801.3125 5623.6875 13172.4875 7620.4125 3075.125 8745.15 9583.4375 10952.5 10784.0 8420.7875 6693.6625 33190.2875 6967.475 5560.5 10615.5 23935.425 14794.3 33148.1625 32667.9375 28750.3125 23156.1125 7022.2375 11361.1125
4368
175156.8 190444.8 281463.0 355282.2 238383.6 258749.4 406770.0 325852.8 225170.4 205569.0 253234.8 264755.4 294457.8 314332.2 211356.6 210756.0 242970.0 289434.6 287742.0 170788.8 273327.6 239639.4 248102.4 332568.6 222222.0 279224.4 124051.2 257875.8 238875.0 392519.4 271962.6 254436.0 261534.0 380835.0 205405.2 233251.2 365874.6 308872.2 262243.8 348348.0 234998.4 267212.4 177231.6 219819.6 183947.4 276549.0 279934.2 151733.4 352989.0 210046.2
577
31417.65 23339.65 11056.7625 15023.6375 33379.45 9282.4875 22113.525 11424.6 38298.375 25597.1625 5582.475 2430.6125 7436.0875 13292.6375 19279.0125 25460.125 12766.125 7551.4875 15708.825 32571.65 19387.2 22351.5375 1601.175 18629.8875 11698.675 6794.175 49650.85 800.5875 9022.8375 26549.2125 15038.0625 4846.8 16963.8 18384.6625 18146.65 14626.95 16408.4375 8878.5875 52990.2375 15002.0 5683.45 14150.925 36827.025 24738.875 53033.5125 52629.6125 45921.9875 39055.6875 14201.4125 16091.0875
482
22292.5 15532.45 8585.625 15815.625 27305.3 6079.225 22449.15 14122.6 31534.85 21286.325 7458.95 6609.425 10790.775 12212.675 11525.825 20448.85 11037.8 10887.175 16351.85 22629.9 18460.6 14092.475 5916.55 13959.925 8953.15 7422.8 37089.9 5247.775 2958.275 20575.375 9380.925 4675.4 9917.15 18779.925 10579.9 12122.3 17129.075 11995.775 44699.475 15038.4 5121.25 14086.45 30040.65 16086.75 42325.625 43386.025 37782.775 28046.375 15128.775 11164.325
495
35887.5 29205.0 12480.1875 18630.5625 41122.125 13061.8125 25455.375 22151.25 45465.75 34940.8125 19069.875 15598.6875 19892.8125 12207.9375 23976.5625 34080.75 23982.75 19991.8125 27757.125 35640.0 30912.75 23444.4375 16099.875 10314.5625 22275.0 13699.125 50490.0 15413.0625 16118.4375 8049.9375 15128.4375 14256.0 17411.625 21687.1875 23945.625 25034.625 19991.8125 19843.3125 58502.8125 16718.625 17362.125 26420.625 43931.25 26395.875 56547.5625 57636.5625 51882.1875 41202.5625 17925.1875 24545.8125
231
12035.1 8916.6 3727.7625 7937.7375 15528.975 2988.5625 11116.875 8229.375 17556.0 12413.3625 5826.975 4628.6625 6632.5875 5471.8125 6476.6625 11884.95 7270.725 6678.7875 9817.5 11792.55 10828.125 6101.2875 4440.975 5425.6125 6843.375 4123.35 18722.55 4120.4625 3693.1125 8596.0875 2220.4875 3580.5 3285.975 9358.3875 7288.05 8021.475 8567.2125 7210.0875 23593.7625 7374.675 4435.2 8731.8 16331.7 7478.625 21757.3125 23235.7125 20550.3375 14388.4125 7608.5625 8162.9625
322
16816.45 12300.4 4673.025 8907.325 19038.25 3674.825 13346.9 7880.95 21863.8 14695.275 4330.9 2861.775 5655.125 6838.475 9623.775 14610.75 7526.75 5719.525 9982.0 17041.85 12034.75 11338.425 2398.9 8891.225 6931.05 3300.5 26701.85 1952.125 3900.225 13310.675 6886.775 1199.45 7961.45 10895.675 8991.85 8573.25 9784.775 6460.125 29982.225 8388.1 3574.2 9112.6 21992.6 12670.7 30199.575 29780.975 26037.725 20660.325 8448.475 9382.275
685
33291.0 24043.5 13451.6875 25678.9375 45466.875 10386.3125 35106.25 25927.25 51477.75 34720.9375 17347.625 15249.8125 21192.1875 18623.4375 16808.1875 32845.75 22433.75 21329.1875 29985.875 32571.75 32982.75 15695.0625 14693.25 18486.4375 19385.5 13751.375 53121.75 13742.8125 10951.4375 27888.0625 8982.0625 12141.625 7346.625 30148.5625 19402.625 23889.375 27802.4375 22904.6875 67566.6875 24266.125 14025.375 26766.375 46032.0 19779.375 62514.8125 69570.3125 61607.1875 40269.4375 24685.6875 21808.6875
12912
946126.8 772783.2 372672.6 171891.0 941607.6 399465.0 229188.0 203364.0 1052973.6 801673.8 322800.0 261306.6 229995.0 336196.2 681269.4 810550.8 496143.6 258078.6 549405.6 987768.0 631719.6 728398.2 261790.8 467575.8 512606.4 298912.8 1361570.4 298428.6 451435.8 644793.0 516318.6 354111.6 575875.2 130895.4 640112.4 556184.4 145421.4 201588.6 1394657.4 221440.8 377998.8 514543.2 1052973.6 803126.4 1415639.4 1359472.2 1209370.2 1121245.8 178024.2 610899.0
325
11074.375 6516.25 9745.9375 14620.9375 17265.625 8055.9375 18070.0 12049.375 20125.625 11582.1875 7198.75 7592.8125 9802.8125 12191.5625 5780.9375 10692.5 6792.5 9607.8125 10578.75 11927.5 12000.625 8559.6875 6353.75 13369.6875 4891.25 8961.875 21336.25 7495.3125 5951.5625 17830.3125 10200.9375 7109.375 9514.375 16229.6875 3176.875 7028.125 15116.5625 10875.3125 27174.0625 14096.875 5378.75 9051.25 16956.875 8848.125 24582.1875 28075.9375 24330.3125 15579.6875 14222.8125 4326.5625
366
15829.5 11730.3 12055.125 14909.925 14887.05 10463.025 18181.05 11400.9 18098.7 9950.625 5307.0 7379.475 8870.925 14516.475 10865.625 10202.25 3806.4 8340.225 7557.9 17293.5 9159.15 13994.925 5984.1 16447.125 4154.1 10495.05 26946.75 6793.875 8459.175 21470.475 13235.475 8116.05 13697.55 16483.725 8500.35 2992.05 15221.025 10444.725 27326.475 15353.7 4886.1 5837.7 17073.9 14319.75 27353.925 27097.725 22842.975 21406.425 14443.275 7022.625
3671
260549.225 211357.825 97602.7125 40426.8875 259264.375 105128.2625 73603.55 59561.975 291477.4 219479.9125 83331.7 65940.3375 56946.3875 87232.1375 185247.8375 222003.725 132614.875 73007.0125 147849.525 269818.5 171160.375 198738.7625 65986.225 124584.5625 137295.4 76540.35 378755.425 76494.4625 119995.8125 174969.0375 138442.5875 92233.875 155375.075 45566.2875 173638.3 149685.025 32993.1125 48961.9625 388070.5875 54606.125 99025.225 137846.05 290926.75 219984.675 394035.9625 378067.1125 335391.7375 310337.1625 42170.6125 165240.8875
2213
137814.575 108160.375 60774.5125 37261.3875 137095.35 58008.2625 63568.425 27330.55 156514.425 113056.6375 30982.0 20497.9125 15076.0625 61549.0625 97731.6125 114578.075 60691.525 24757.9375 69875.475 142959.8 83983.35 109515.8375 20525.575 84066.3375 63513.1 44425.975 209073.175 26860.2875 58395.5375 114439.7625 80082.9375 42378.95 87468.825 46721.9625 85421.8 70981.975 39142.4375 10262.7875 214743.9875 41936.35 40442.575 63900.375 156127.15 117123.025 218284.7875 208713.5625 182987.4375 167828.3875 34439.8125 80359.5625
705
45190.5 41683.125 54470.0625 59493.1875 29821.5 51403.3125 65177.25 52117.125 27688.875 32544.5625 40378.875 44494.3125 47243.8125 59211.1875 47631.5625 34351.125 38581.125 46820.8125 37823.25 48504.0 35461.5 53659.3125 42775.875 64357.6875 39250.875 51465.0 40960.5 44335.6875 48318.9375 73399.3125 57395.8125 46882.5 55712.625 61907.8125 44450.25 37012.5 59475.5625 50292.9375 21387.9375 60630.0 40660.875 36889.125 30385.5 54285.0 34060.3125 23696.8125 24243.1875 45428.4375 59070.1875 41092.6875
328
22574.6 17974.4 7146.3 4104.1 23542.2 8089.3 8618.2 6428.8 26371.2 19848.1 7822.8 5211.1 5621.1 5744.1 15256.1 19762.0 12226.2 7047.9 13579.2 22804.2 15670.2 16305.7 5658.0 9081.5 11939.2 5543.2 32644.2 6154.1 9417.7 13583.3 10795.3 6937.2 12308.2 6121.3 14604.2 13612.0 4997.9 4907.7 35329.7 2829.0 8519.8 12693.6 26231.8 18261.4 35444.5 34157.1 30344.1 26490.1 3636.7 14436.1
1681
80057.625 56481.6 38011.6125 53182.6375 85773.025 30699.2625 70728.075 39587.55 100523.8 63100.5375 15801.4 16494.8125 27925.6125 49316.3375 49862.6625 62659.275 25677.275 26917.0125 44210.3 82915.325 51564.675 61965.8625 10086.0 58183.6125 22567.425 30846.35 133135.2 13847.2375 23134.7625 81255.3375 43390.8125 19877.825 47404.2 61209.4125 39209.325 31140.525 55409.9625 33472.9125 142906.0125 53119.6 5043.0 36309.6 95817.0 63289.65 143032.0875 141855.3875 122313.7625 103360.4875 50787.2125 35364.0375
1117
58028.15 43758.475 39723.3125 42962.6125 45043.025 36260.6125 52917.875 32225.45 54677.15 40086.3375 13627.4 20427.1375 24504.1875 44777.7375 41119.5625 40854.275 14800.25 22884.5375 13348.15 60736.875 18235.025 50669.9125 16196.5 54356.0125 20636.575 32504.7 91957.025 20846.0125 31401.6625 69686.8375 44861.5125 27673.675 47528.35 47737.7875 33928.875 18849.375 43884.1375 29335.2125 84235.7625 44763.775 19379.95 8098.25 61825.95 51661.25 93199.6875 81191.9375 68206.8125 73289.1625 41538.4375 29391.0625
275
11687.5 10319.375 16111.5625 18256.5625 9625.0 14832.8125 20714.375 15620.0 8793.125 7559.0625 11041.25 12598.4375 13719.0625 17960.9375 12502.1875 7885.625 9913.75 13320.3125 12732.5 13667.5 11825.0 14853.4375 11550.0 19329.0625 10071.875 15090.625 13193.125 12158.4375 13052.1875 23103.4375 16310.9375 14031.875 15654.375 19439.0625 11261.25 9301.875 18490.3125 14901.5625 14420.3125 18590.0 10725.0 11440.0 5775.0 15097.5 13994.0625 15320.9375 12357.8125 14935.9375 17905.9375 9951.5625
500
19812.5 14312.5 16981.25 25818.75 30875.0 14743.75 32575.0 23312.5 35262.5 22118.75 16250.0 16268.75 19856.25 20756.25 9331.25 20750.0 16000.0 19556.25 21825.0 17087.5 24012.5 9543.75 14550.0 20656.25 13087.5 17100.0 32087.5 14856.25 12481.25 27518.75 13718.75 14262.5 12525.0 28893.75 11225.0 16375.0 27181.25 21506.25 46393.75 24875.0 13050.0 19475.0 30675.0 7275.0 38943.75 47856.25 42043.75 22706.25 25093.75 12993.75
2241
107792.1 115691.625 168663.2625 190737.1125 120397.725 157010.0625 210766.05 169251.525 113618.7 103562.2125 131938.875 144628.5375 153760.6125 185526.7875 134768.1375 109304.775 122750.775 150511.1625 145721.025 113954.85 138325.725 149278.6125 136084.725 193650.4125 124879.725 163256.85 89976.15 141042.9375 142499.5875 224408.1375 164573.4375 150483.15 160511.625 200373.4125 123367.05 117764.55 192641.9625 163396.9125 108212.2875 193454.325 129361.725 135188.325 93057.525 139110.075 68042.3625 115551.5625 117288.3375 104178.4875 187935.8625 125748.1125
733
50320.45 46673.775 57109.8625 60151.8125 29943.05 53921.3125 66703.0 53124.175 27725.725 37172.2625 40919.725 45381.8625 48057.3125 62039.2875 52583.5875 39050.575 40589.875 46994.4625 38262.6 53765.55 35074.05 58814.0875 42605.625 65905.8625 40553.225 53307.425 45922.45 46572.9875 49175.1375 75966.2875 59473.7875 49220.95 61003.925 63303.7125 49184.3 38958.95 60774.8625 51227.5375 25572.5375 61352.1 42752.225 37291.375 34927.45 59519.6 38748.2125 21302.8125 24143.1875 50567.8375 59235.5625 45803.3375
222
13547.55 12443.1 15576.075 16502.925 7348.2 14610.375 18481.5 14368.95 6676.65 9565.425 10672.65 12024.075 12834.375 17069.025 14205.225 10134.3 10572.75 12512.475 9867.9 15145.95 8902.2 16103.325 11183.25 18240.075 10561.65 14424.45 14940.6 12384.825 13172.925 21287.025 16292.025 13186.8 16755.45 17451.975 13197.9 10078.8 16686.075 13794.525 8777.325 16860.9 11227.65 9573.75 9046.5 16305.9 12767.775 8172.375 5591.625 17640.675 16219.875 12151.725
49
1568.0 1572.9 2542.4875 3371.8125 2975.525 2287.6875 3928.575 3020.85 3140.9 2117.4125 2205.0 2361.1875 2682.1375 2911.2125 1756.0375 1983.275 2142.525 2611.0875 2713.375 1300.95 2927.75 2073.3125 2174.375 3115.7875 1857.1 2517.375 2006.55 2297.4875 2064.7375 3788.3125 2435.9125 2239.3 2318.925 3664.5875 1740.725 2179.275 3495.5375 2856.0875 3556.7875 3292.8 2072.7 2483.075 2603.125 1850.975 2678.4625 3717.2625 4040.6625 1087.1875 3300.7625 1792.7875
1464
101089.2 81178.8 34056.3 14036.1 101528.4 37057.5 34221.0 24448.8 114155.4 85625.7 31329.6 21905.1 20807.1 29883.9 69009.3 86632.2 50983.8 27212.1 57059.4 102699.6 66392.4 74352.9 23899.8 44780.1 51935.4 25656.6 147937.2 26114.1 42986.7 64873.5 50343.3 31915.2 56510.4 23076.3 66429.0 57791.4 18025.5 17622.9 155129.1 16909.2 36673.2 53106.6 114118.8 82825.8 155275.5 148907.1 131888.1 119151.3 11949.9 63080.1
222
7969.8 4856.25 7095.675 9693.075 10916.85 5941.275 11999.1 7886.55 12864.9 7029.075 4190.25 4847.925 6351.975 8766.225 4903.425 6421.35 3907.2 6030.075 6493.5 8552.55 7464.75 6801.525 4001.55 9570.975 2614.05 6560.1 14979.45 4498.275 4503.825 12617.925 7978.125 5294.7 7448.1 10753.125 3124.65 4073.7 9987.225 7090.125 17673.975 9684.75 3335.55 5450.1 10694.85 6998.55 17196.675 18323.325 15742.575 11047.275 9376.725 2000.775
